73.1607,293.622,45.5666,72.8644,273.34,48.4813,72.8295,256.018,50.24,72.328,238.878,50.9067,71.8595,221.95,51.0407,71.6326,205.378,50.2613,71.4164,188.262,48.6487,71.1984,171.688,44.7544,70.8064,156.195,41.1894,70.615,141.067,36.7715,70.438,124.964,32.3567,70.2556,109.955,26.5977,69.9196,94.1683,20.4119,69.5782,80.3782,12.7503,69.4142,64.5376,5.21511,69.3556,51.9082,6.54533,69.2362,40.3861,12.8727,69.1299,29.1156,18.1646,69.0393,17.8029,22.5732,68.8745,5.11459,26.8147,68.9214,-6.11912,29.2661,68.8485,-16.5536,30.3179,68.78,-26.6573,30.6078,68.7129,-36.7084,29.9215,68.8263,-47.0781,28.6432,68.735,-56.6516,25.8175,,,
73.1742,297.718,45.7079,73.1364,281.075,48.2725,72.8462,261.884,50.512,72.5753,244.266,51.8742,72.318,228.052,52.0082,72.2884,210.07,51.7743,72.0447,194.437,49.9475,71.8139,179.005,47.8264,71.5969,159.222,45.6851,71.5664,143.309,41.9765,71.7033,127.249,37.6597,71.6496,112.274,32.5262,71.5823,98.2319,26.1412,71.509,83.9728,19.6599,71.422,69.5643,12.3813,71.4619,55.9894,4.0139,71.503,44.6463,10.5915,71.5467,34.0224,17.2945,71.5798,23.2583,22.9583,71.604,12.7842,27.6625,71.5055,2.50368,31.0921,71.5141,-7.71046,33.6163,71.5014,-17.8175,34.1518,71.3928,-27.7688,34.586,71.2805,-37.4797,33.9167,71.3256,-47.0003,31.7673,71.1973,-56.5444,29.5927
73.4119,290.887,45.734,73.6095,273.525,47.9519,74.0133,253.929,49.6146,74.3859,237.158,49.8006,74.9355,219.617,49.4337,75.2263,203.445,47.8183,75.681,186.715,45.8374,75.9002,171.204,42.828,76.4489,154.609,39.0124,76.7685,139.186,34.5936,77.223,124.209,29.2493,77.6259,109.59,22.7574,77.899,91.5867,17.5327,78.1925,77.4098,9.89757,78.7326,63.4151,4.51589,79.2378,51.4332,10.7434,79.5428,40.0474,15.6069,79.9056,28.6338,19.8454,80.2034,17.5446,23.1295,80.5452,6.48675,25.2342,80.7254,-4.00879,26.3251,81.0411,-14.6288,26.5609,81.2927,-24.9191,25.8769,81.567,-35.1913,23.7631,81.7537,-45.4013,21.5127,81.8927,-55.2484,17.9048,,,
73.4483,303.787,43.7177,73.3826,281.422,46.7112,73.8109,263.761,47.5521,73.9665,246.167,48.3017,74.1048,229.994,47.6232,74.224,213.969,46.2963,74.7316,196.401,44.3183,75.001,180.993,41.51,75.2374,165.862,37.4958,75.6166,149.54,33.3718,75.9585,134.381,27.9047,76.2782,120.82,21.736,76.5296,105.636,14.8928,77.0573,90.4095,7.79759,77.4197,77.5065,6.99723,77.7558,65.5598,12.7849,77.9152,54.5178,17.0524,78.42,42.8808,20.4706,78.723,31.4081,22.8765,78.9714,20.2063,24.6393,79.1796,9.49491,25.1068,79.351,-0.809681,24.3482,79.5521,-11.6686,22.9494,79.8033,-22.2624,20.545,79.8143,-32.4899,17.3375,79.8795,-42.5486,13.1466,79.9762,-52.6682,7.90966
73.4199,293.706,45.2934,73.8558,273.705,47.18,74.016,255.279,48.6852,74.1638,239.51,48.4911,74.2872,222.741,48.0052,74.3794,205.446,45.3098,74.4575,188.461,43.0156,74.3197,171.874,39.8968,74.3682,155.779,35.6477,74.3937,139.386,30.8068,74.4012,123.49,25.1141,74.5596,108.093,18.6725,74.3626,93.0239,11.6447,74.2487,79.6292,17.0164,74.3121,78.3554,3.40973,74.481,65.064,7.69625,74.3615,53.026,13.4463,74.3693,40.8943,18.3431,74.3316,26.4314,23.4586,74.3069,14.9099,26.337,74.38,3.76677,28.0772,74.3221,-7.08254,28.8939,74.3409,-18.2847,28.8558,74.4288,-29.2382,27.9827,74.2218,-39.4186,25.7841,74.2432,-50.5231,23.4432,,,
72.9138,302.287,43.957,73.1174,277.51,46.831,72.8274,261.245,47.4864,72.7842,245.029,47.3377,72.7333,226.743,46.8608,72.6768,208.955,45.299,72.6186,192.511,43.0279,72.3529,175.538,39.8929,72.2843,155.272,36.5709,72.3951,138.179,32.289,72.3097,122.942,26.7674,72.385,108.115,20.6465,72.2736,93.024,13.7539,72.4611,77.433,6.56957,72.5533,64.8788,7.63811,72.6701,52.4367,13.4275,72.5003,41.3142,17.5765,72.5869,29.6888,20.8058,72.6562,18.0735,23.6052,72.7061,7.05032,25.1438,72.7792,-3.19919,30.4497,72.7203,-4.23905,24.2047,72.93,-15.4373,23.7146,72.7138,-25.6275,21.8868,72.8614,-36.4758,19.5009,72.7051,-46.9893,16.0505,72.7019,-57.3407,11.8546
72.8858,286.752,46.1311,72.8394,263.467,48.5763,72.5659,246.934,49.3543,72.3034,229.479,49.3058,72.0548,211.361,48.7501,71.8192,193.763,47.3769,71.5926,176.698,44.8884,71.3768,160.118,41.8199,70.9888,143.261,38.2634,70.2424,127.514,31.0751,69.8995,111.634,25.3477,69.574,95.6708,19.0026,69.1045,80.1753,11.9992,68.6521,65.1315,4.11734,68.3743,52.0383,7.27666,67.9053,40.3301,13.5091,67.6255,28.6049,18.9961,67.1391,17.0911,23.2166,66.8315,5.70369,26.6591,66.5681,-5.56749,29.1156,66.235,-16.5069,30.433,65.8554,-27.3219,30.9286,65.5387,-40.1609,31.6858,65.2972,-51.1884,30.7332,,,,,,,,,
72.9039,296.499,44.8617,91.7705,174.811,71.9019,72.0958,258.78,47.4154,71.6134,241.491,47.4863,71.1556,225.54,46.1947,71.381,206.834,45.0703,70.5306,193.092,41.8789,70.143,176.798,38.6142,69.7692,161.626,34.2224,69.6089,145.26,29.3998,69.2665,129.943,23.697,68.9382,114.933,17.3994,68.6181,100.215,10.2492,68.3547,82.6488,4.10932,68.0967,70.705,10.7676,67.575,59.6401,16.5987,67.3851,48.2647,21.4289,67.085,37.3498,25.365,66.6859,26.81,28.1381,66.3272,16.3324,29.9048,65.9053,5.63636,30.9616,65.5051,-4.42047,30.6778,65.1546,-14.62,29.7294,64.8354,-24.7177,27.8185,64.2479,-32.682,23.758,63.7359,-44.5214,18.2572,63.2234,-54.3501,13.1489
73.4459,303.917,43.1702,73.3805,283.039,45.1948,73.553,261.487,46.7163,73.7136,244.178,46.5419,73.849,226.037,45.8551,73.9684,209.336,44.1301,74.0743,193.834,41.6907,74.5442,176.132,38.318,74.779,159.729,34.4545,74.9734,143.069,29.5793,74.9715,128.196,23.6298,75.283,112.48,17.2924,75.5445,96.6653,10.5272,75.6293,82.4316,4.65347,75.7675,70.0531,12.6155,75.7382,58.3039,19.4284,75.8261,46.7291,24.3754,75.8756,34.7051,28.8205,75.7918,23.6495,32.0007,75.8002,12.2505,33.9962,75.6802,1.20455,35.3266,75.6556,-9.49957,35.5305,75.6021,-20.3429,34.9323,75.5286,-30.9061,33.0902,75.4341,-41.2951,30.6916,75.3884,-51.9189,27.2171,,,
73.1711,299.46,44.1354,72.1114,282.744,46.0109,71.6119,262.327,47.3215,70.9072,246.992,47.4907,70.258,228.371,47.2688,69.6482,211.25,45.7593,68.8686,195.282,43.7567,68.5545,177.95,40.8105,68.0588,161.835,36.951,67.4047,146.738,32.6592,66.7945,131.204,27.2543,66.413,114.801,21.285,65.964,96.0766,16.4611,65.6304,80.89,9.36394,65.0437,68.2542,5.81189,64.689,55.8278,11.302,64.2267,44.3524,15.6335,63.9527,33.0518,19.1322,64.447,20.5775,25.1392,63.5904,21.7907,21.3094,63.2658,11.0244,22.661,63.011,-0.150847,23.4029,62.6613,-10.6457,22.997,62.3585,-21.2902,21.4898,61.9767,-31.3485,19.1937,61.6859,-42.0587,16.4672,61.3936,-52.2628,12.4942
73.1924,308.234,43.025,73.1386,286.949,45.3349,73.0871,268.827,46.2488,73.0327,250.877,46.5799,72.7462,233.181,46.1668,72.4725,216.868,44.4518,72.4213,199.845,42.1603,72.1617,183.146,39.2166,72.1046,166.084,35.2812,71.8546,150.193,30.7224,71.4073,134.626,22.7831,71.1693,119.383,16.3734,70.9369,103.872,9.68344,70.5479,88.7249,2.78596,70.3248,76.8756,9.36598,70.1233,64.5794,15.0505,69.9391,52.8802,19.8362,69.9055,40.9905,23.7265,69.7386,29.9636,26.2691,69.5865,18.7499,27.9516,69.4448,7.75113,28.7558,69.1982,-2.83546,28.4824,68.9652,-13.2874,27.1923,68.746,-23.8328,24.9811,68.5364,-34.1875,21.9951,68.5765,-46.7926,20.0825,68.3484,-56.1932,14.9377
73.1777,302.369,43.6792,72.8722,282.931,45.4694,72.5844,263.793,46.5885,72.0779,247.321,46.4865,71.8295,228.802,46.0502,71.591,212.749,44.3661,71.3678,194.109,42.5006,71.351,177.016,39.3669,71.1297,161.913,35.1266,70.9126,147.031,30.0496,70.7067,131.012,24.8484,70.6696,115.466,18.2916,70.4581,100.261,11.4614,70.3929,85.9615,2.95864,70.4887,69.0115,9.03569,70.4253,56.9269,14.3393,70.227,45.3654,18.5323,70.1774,33.6653,22.0467,70.1281,22.2086,24.5651,70.0714,11.5835,25.8156,70.0176,0.55621,26.3101,69.9634,-10.4582,26.0425,70.0005,-21.1833,24.6878,70.5217,-32.093,24.6134,69.8465,-42.1557,19.597,69.5685,-51.9134,15.0762,,,
73.4418,302.461,43.3993,73.3881,285.767,44.7578,73.326,267.761,45.4407,73.2612,249.92,45.5595,73.4028,227.033,45.6787,73.3255,211.198,43.7752,73.0329,195.511,40.9273,73.1506,178.372,37.8182,73.2505,162.503,33.7704,73.3312,146.969,29.0799,73.5643,131.147,23.0917,73.6037,116.938,17.0189,73.7828,102.398,9.69497,74.1146,88.3385,5.20607,74.1871,76.7728,11.5483,74.523,64.3987,17.1516,74.6823,53.017,21.5474,74.9375,41.3882,24.8002,75.155,30.2639,26.6321,75.3358,19.3232,27.7573,75.4694,7.975,28.0795,75.6832,-2.8098,27.3097,75.8548,-13.3664,25.7602,75.8912,-23.5729,23.1524,75.9796,-34.0218,19.7019,76.0333,-44.13,15.2236,75.9563,-54.2963,10.0893
73.4096,291.016,45.201,73.8488,272.515,46.876,74.2522,255.471,47.7001,74.6161,238.636,47.486,74.936,220.978,46.7626,75.4331,203.784,45.1926,75.6928,188.735,42.7397,76.2989,172.329,39.3733,76.831,155.661,33.511,77.3205,140.126,28.8677,77.7561,124.988,23.1354,78.1412,110.215,16.805,78.6426,95.8296,9.59643,79.0873,81.823,2.99252,79.5153,70.0823,10.1118,79.8734,58.4578,16.0622,80.1679,47.0359,21.2516,80.5495,36.1972,25.0387,80.9765,25.2698,28.1573,81.3375,12.3105,31.1313,81.7505,2.34141,31.933,82.2518,-8.35643,32.0963,82.5974,-18.332,31.1878,83.0418,-28.4323,29.4755,83.4862,-38.5623,26.2714,83.8616,-48.1031,23.0292,84.1612,-57.6161,18.2877
72.376,292.264,45.2714,72.1065,271.017,47.1321,71.6179,252.715,48.1783,70.9237,236.98,47.5759,70.282,219.188,46.6895,69.6856,201.782,44.996,69.1411,183.885,42.9936,68.4176,168.146,39.2103,67.7589,151.166,34.9483,67.1473,135.364,30.6973,66.6605,114.955,26.6225,65.9802,99.0703,20.5677,65.4882,84.2373,13.7331,64.8921,68.7189,6.25882,64.5014,56.0386,9.31423,63.9647,44.2765,15.9711,63.5142,32.38,21.5862,63.1397,20.8769,26.6148,62.835,9.39947,30.5437,62.343,-1.254,33.2955,61.959,-12.384,35.2034,61.4196,-22.7853,35.9791,60.8958,-33.3366,36.0533,59.9245,-43.5474,32.8593,59.4914,-53.8554,30.8911,,,,,,
73.1777,302.374,43.6782,72.8654,278.915,46.1104,72.8234,261.387,46.7397,73.0075,241.755,47.1966,72.7279,225.798,46.3575,72.8871,208.113,44.8098,72.8197,191.746,42.3474,72.7438,174.032,39.4213,72.4768,159.159,35.4055,72.5782,141.035,31.1199,72.6612,125.617,25.5686,72.7213,109.982,19.4572,72.7614,94.8009,12.8759,72.9285,79.0522,5.50121,73.1733,67.0713,9.07007,73.4008,54.9281,14.4397,73.5943,43.0202,18.835,73.628,31.3293,22.2604,73.6471,20.2248,24.5468,73.5353,9.31536,26.0226,73.5223,-1.87601,26.5857,73.4938,-12.5596,25.9061,73.4476,-23.2021,24.5382,73.1987,-33.324,21.8999,73.1261,-43.8203,19.2214,72.9493,-53.5783,14.7887,,,
73.4319,297.99,44.6237,73.8827,280.248,46.3899,74.2809,260.122,48.1366,75.1134,243.059,47.6503,75.4262,226.113,46.9482,75.4874,209.425,45.3997,76.1463,192.282,43.0422,76.3515,176.361,39.8733,76.6981,159.286,35.9229,76.8388,144.141,31.363,77.1196,128.7,25.8696,77.522,113.098,19.9511,77.8605,97.3871,12.8671,78.1868,83.7235,4.92095,78.6144,70.066,6.82733,79.0181,58.3743,12.9729,79.28,44.5752,19.1031,79.6749,33.1968,23.3023,79.8924,22.3643,26.2826,80.1785,11.7863,28.1967,80.3965,1.20039,29.4542,80.6944,-8.6469,29.3231,80.976,-19.3634,28.8509,81.2198,-29.3584,27.2283,81.4858,-39.2968,24.6759,81.7765,-49.0208,21.0673,81.9156,-58.6392,16.4606
72.8991,293.658,45.3058,72.6113,274.824,47.2614,72.1004,259.883,47.9554,72.0828,241.451,48.1824,71.8356,226.566,47.125,71.8151,208.774,45.5579,71.5792,193.212,42.8934,71.5607,172.058,40.683,71.5271,156.592,36.6387,71.2999,142.097,31.5961,71.435,126.581,26.3879,71.5459,111.463,20.3901,71.7953,96.7618,13.5199,71.85,82.8576,5.70893,72.1487,71.047,9.25764,72.4433,59.5134,15.5097,72.5651,48.4575,20.5473,72.7969,37.2212,24.9394,72.99,26.4108,27.3068,73.1584,15.8453,29.4159,73.4073,5.44604,30.2333,73.5112,-4.81571,30.2048,73.69,-14.8774,29.21,73.9278,-24.9502,27.4209,74.1207,-34.6106,23.8712,74.1872,-44.3235,20.873,74.2987,-53.9759,16.477
72.9088,299.373,44.4124,72.6157,277.402,47.102,71.8625,260.958,48.505,71.3886,244.604,48.8187,70.9466,227.275,48.5773,70.5346,209.302,47.4142,69.9385,192.673,45.3178,69.3808,176.38,42.3611,68.8533,161.198,38.6675,68.5641,144.13,34.6733,67.8793,129.511,26.824,67.432,114.492,20.294,66.8485,99.7255,13.6574,66.4579,84.7512,6.14256,66.2071,70.6731,5.83847,66.0836,58.7383,12.4601,65.6922,47.6709,17.8246,65.4902,36.3721,22.4066,65.3189,25.2584,26.0144,65.1697,14.3147,28.4093,64.9359,3.55668,30.0176,64.7325,-6.97964,30.7187,64.4531,-17.3774,30.3735,64.2025,-27.5964,29.0379,63.9653,-37.4629,26.671,63.8186,-49.4765,25.2964,63.293,-58.9415,21.0498
72.9126,300.759,44.4574,72.6215,279.953,47.1998,71.8611,263.421,48.1092,71.3886,244.591,48.821,70.7183,228.286,48.4034,70.0884,212.174,46.8861,69.7277,193.5,45.3636,69.3785,177.176,42.5924,68.8557,161.166,38.871,68.7478,144.164,34.6627,68.2698,128.937,29.2102,67.8247,113.411,23.177,67.5816,97.1911,16.7207,67.1813,81.9805,9.56143,66.9587,67.8098,3.01572,66.7441,52.6863,11.8212,66.6417,40.7143,18.2107,66.2908,29.6574,23.259,66.1118,18.5501,27.422,65.9685,7.44351,30.703,65.7398,-3.39347,32.895,65.5299,-13.701,33.921,65.4659,-24.3465,34.3077,65.3207,-34.7035,33.7106,65.1813,-44.5946,32.0933,64.9788,-54.4857,29.5513,,,
73.1757,300.846,44.1798,73.1234,280.159,46.4112,72.83,261.15,47.9838,72.5566,244.803,48.5423,72.5178,226.494,48.4749,72.0422,209.597,47.1293,71.6038,187.637,46.3069,71.1877,170.996,43.3153,70.7968,154.036,39.5883,70.2484,138.241,35.4667,69.7389,121.578,30.6484,69.254,106.072,24.902,68.7928,90.988,18.3603,68.5167,75.36,11.3775,68.0974,61.1624,4.24183,67.7525,49.0632,10.4523,67.4566,36.8431,15.8126,66.925,25.4627,19.3044,66.7071,13.8235,22.3588,66.4056,2.47812,24.4483,66.0421,-8.84351,25.6457,65.7078,-19.618,25.6124,65.3433,-30.7422,25.0935,65.1986,-41.6104,23.6204,64.8849,-52.1271,20.8237,,,,,,
72.8977,293.723,45.0376,72.3575,273.598,46.9638,72.0943,256.402,47.5669,71.6141,238.186,47.5913,71.1638,221.386,46.724,70.5309,203.835,45.2286,70.1449,186.749,42.7932,69.7838,170.086,39.7471,69.2579,153.051,35.8028,68.582,137.172,31.2949,67.7387,121.589,23.2179,67.3116,105.843,16.5158,66.5793,90.9618,9.41791,66.388,75.6168,3.04268,65.954,63.6079,10.0739,65.5671,52.1646,16.0839,65.371,40.4978,21.0976,65.082,29.0008,25.1017,64.8304,17.7275,27.9575,64.6295,6.4583,30.1977,64.4423,-4.2914,31.1004,64.315,-17.5611,32.5152,64.0139,-28.0727,31.8324,63.7535,-38.5514,30.1339,63.3282,-48.3143,27.4761,63.0352,-58.2688,23.8525,,,
73.4002,286.752,46.3804,73.3411,267.15,48.7145,73.5152,248.028,50.3342,73.6701,231.744,49.5829,73.581,213.523,48.9965,73.6983,195.875,47.5786,73.5962,178.719,45.4545,73.4914,162.086,42.5177,73.1983,145.904,38.7053,73.2632,128.968,34.2804,72.9752,113.792,28.8833,73.0134,97.986,22.7854,72.8758,82.6757,16.1435,72.8753,67.4197,8.75078,72.8805,53.3647,3.56213,72.8482,41.1479,10.9616,72.7988,26.6275,18.384,72.8689,14.6074,23.6129,72.9218,3.15914,27.9043,72.9524,-8.31142,31.1034,72.8698,-19.0426,33.2462,72.78,-29.7262,34.5388,72.7669,-40.4738,34.8628,72.7311,-51.1112,34.0031,,,,,,,,,
72.9202,305.164,43.7715,72.6247,284.044,46.3056,72.1034,267.284,47.2421,72.09,248.181,48.2176,71.8435,230.636,47.9839,71.3891,214.407,46.6785,71.385,196.596,44.9426,71.1698,180.129,42.1405,70.7706,163.984,38.7747,70.5963,143.938,35.4602,70.2364,128.191,30.6955,69.8853,113.466,24.7493,69.7244,97.407,18.7064,69.0764,83.2672,11.3812,68.9263,68.6071,4.11384,68.5255,56.8343,10.9494,68.1715,45.2434,16.9694,67.8594,33.8789,22.1121,67.5847,22.7678,26.3462,67.3468,11.5973,29.565,67.0129,1.21545,31.5344,66.72,-9.22628,32.5851,66.345,-19.9522,31.4751,65.9163,-29.8627,30.4136,65.7302,-40.2832,28.6668,65.3767,-50.2038,25.8281,,,
72.9115,299.259,44.9518,72.8825,283.965,46.8207,72.5969,262.097,49.2788,72.5648,243.402,50.3961,71.8586,228.21,50.4229,71.8458,209.247,49.9933,71.621,193.604,48.656,71.2033,178.184,46.191,71.0048,161.494,43.2577,70.814,145.302,39.6298,70.4468,130.857,35.0624,70.2738,114.869,29.9926,69.9264,101.029,23.6516,69.7657,85.3782,17.4578,69.3848,71.8352,5.93829,69.0059,58.7945,5.06472,68.7665,46.1837,11.5374,68.4153,34.6317,16.7395,68.1002,23.3107,20.7792,67.7043,12.2196,23.9579,67.3576,1.12742,26.2829,66.9411,-9.73235,27.4475,66.4631,-20.117,27.6189,65.9481,-30.5113,27.0206,65.5859,-40.9965,25.6053,65.1625,-51.1295,22.9925,,,
73.4238,295.116,45.0729,73.1182,276.036,47.8096,73.0682,257.384,49.3065,72.7851,239.064,50.1852,72.5188,222.184,50.1119,72.0501,204.638,49.1157,71.8155,187.585,47.3417,71.3807,171.85,42.9283,71.1693,154.868,39.1919,70.7856,139.067,35.0552,70.2451,123.626,30.0341,69.7283,109.154,24.0425,69.4036,93.8912,17.4271,68.7749,79.4443,10.122,68.6313,64.5137,2.27231,68.2578,52.6143,9.34704,67.6627,41.2801,15.8692,67.1342,30.1472,21.3419,66.6659,19.2387,25.7614,66.1372,8.50212,29.0505,65.6824,-2.21249,31.6995,65.0698,-14.8655,34.3177,64.5537,-25.1518,34.8814,63.9011,-34.8796,34.3532,63.3361,-44.8274,32.8705,62.7494,-54.3957,30.672,,,
73.6589,286.657,46.9004,73.8386,268.415,48.7541,74.0018,251.6,49.7537,74.1441,234.953,49.9436,74.2708,219.591,48.7844,74.5862,203.407,47.193,75.0649,186.687,44.8213,75.2979,170.362,41.6267,75.3242,155.934,36.9598,75.5114,141.018,32.0419,75.4913,126.343,26.0541,75.6182,111.382,19.4808,75.7166,96.7628,12.2512,75.4349,79.8361,5.29725,75.4177,67.7941,8.88323,75.2721,56.9033,14.9267,74.9868,46.0089,19.9771,74.8404,35.231,23.829,74.5726,24.864,26.6476,74.3146,14.6153,28.6917,74.1758,4.51063,29.6953,73.9282,-5.27846,29.6066,73.6836,-15.0133,28.4782,73.5427,-24.3907,26.5202,73.3838,-34.2128,23.3883,73.1128,-44.0802,18.0278,73.0217,-53.3962,13.0449
71.8657,278.484,47.6868,71.1407,260.706,49.2729,70.4664,243.143,49.9959,69.8365,226.875,49.9984,69.0518,207.83,49.2027,68.3707,185.873,48.5271,67.2938,170.717,45.7896,66.5048,154.29,42.6322,65.7828,137.612,38.4536,64.7352,123.259,33.6233,63.9562,107.974,28.3505,63.0472,93.5334,21.7369,62.539,78.4498,14.7907,61.8944,64.1605,6.94163,61.3367,51.9694,8.6373,60.73,40.4029,15.9187,60.0699,29.3516,21.7963,59.6471,18.2501,26.8413,58.9006,8.08875,30.2136,58.4022,-2.42593,32.8456,58.005,-12.9466,34.6299,57.6733,-23.2328,35.2908,57.2347,-33.3248,35.2576,56.7587,-43.1269,33.9245,56.4162,-53.2088,32.0993,,,,,,
73.1627,295.104,45.0773,73.3641,276.271,46.7764,73.3053,258.907,47.6231,73.4703,240.647,47.6129,73.1724,223.728,46.9495,73.105,208.103,45.2418,73.0261,190.867,42.737,72.9459,174.901,39.4242,72.8605,159.247,35.3798,72.7684,143.204,30.897,72.67,128.237,25.3118,72.5645,113.572,19.1113,72.422,99.6305,8.47752,72.4749,85.0652,3.51208,72.3196,73.1353,10.4814,72.1704,62.1501,15.9289,72.1633,50.7849,20.4275,72.1493,40.2772,23.732,72.1255,29.433,26.0734,72.2149,18.7737,27.6505,72.1722,8.513,28.3509,72.2254,-1.67234,27.7151,72.0507,-11.6127,26.0862,71.9739,-21.6655,23.7051,71.885,-31.6163,20.5094,71.7864,-43.0103,17.7494,71.6675,-52.4915,12.7951
73.698,297.82,45.4276,73.8835,278.596,48.1491,74.5292,259.771,50.1081,74.6435,240.184,51.5888,74.9961,226.506,51.1271,75.4733,205.944,51.1873,75.7438,191.653,49.4007,75.9467,174.165,47.1701,75.9486,158.762,44.209,75.9442,144.421,39.9864,76.0765,128.397,35.5019,76.0294,114.053,30.0116,76.1154,98.9447,24.1407,76.0338,85.253,17.1095,75.9283,71.3259,9.42706,76.1301,58.6104,5.5679,76.0775,47.3195,13.0488,76.0176,36.6081,19.1788,76.0679,26.0652,23.7534,76.0885,15.427,27.5053,75.9825,5.3173,30.3965,75.8671,-4.59784,32.2157,75.7427,-14.3243,33.0128,75.696,-24.2545,32.9532,75.5435,-33.8139,31.7998,75.4645,-43.2841,29.1698,75.1975,-52.8034,26.6974
73.4198,293.7,45.2942,73.114,274.778,47.7594,73.0616,255.023,49.4477,73.2401,238.118,49.6512,72.96,223.427,49.0065,73.1076,204.976,47.765,73.0355,188.851,45.6385,72.9564,172.222,42.832,72.8764,157.568,38.9126,72.9675,141.048,34.6937,72.8666,126.31,29.393,72.7344,110.596,20.8562,72.7734,95.392,14.0425,72.4797,81.5215,6.29097,72.5603,68.5497,5.92962,72.5485,57.5004,12.1755,72.5257,45.7127,17.6051,72.3688,35.1917,21.5988,72.3402,24.4745,24.8171,72.303,13.9066,26.9777,72.1469,3.74276,28.1113,72.2044,-6.95237,28.6058,72.039,-16.61,27.5637,72.1614,-26.8772,26.0755,72.0704,-38.6121,24.8205,72.0519,-48.2154,21.3638,71.9258,-57.7805,16.9215
73.1962,308.032,43.8533,73.4053,288.059,46.4306,73.3458,268.364,48.7667,73.5242,250.332,50.1972,73.463,235.928,50.0145,73.3854,219.505,48.3675,73.7244,201.424,46.9397,73.8323,185.602,44.6438,73.916,169.283,41.4833,73.8037,155.594,36.8643,74.3965,138.659,32.7,74.2407,124.085,26.9442,74.5838,109.331,20.9168,74.7185,94.8576,13.7083,74.8238,80.7004,5.94553,75.2529,67.5536,6.20231,75.6687,55.5611,12.8825,76.0241,43.8119,18.2989,76.3343,32.7449,22.9792,76.6569,19.4383,27.4259,77.0719,8.30149,30.1761,77.4295,-2.22552,31.7098,77.7273,-12.5056,32.0161,78.1515,-22.8587,31.5764,78.404,-33.1113,30.3802,78.68,-43.2461,28.0868,78.9022,-52.9729,24.6976
72.897,290.731,46.2753,73.1023,269.6,48.5745,73.0538,252.698,49.3493,73.2328,235.924,49.7895,73.1669,219.415,48.8259,73.3052,202.27,46.995,73.4268,186.413,44.2754,73.5264,170.018,41.123,73.6119,155.566,36.4851,74.0281,138.587,31.7855,74.2123,120.922,26.8302,74.3776,105.748,20.5671,74.6828,92.0929,13.0573,74.9303,77.1563,5.48282,75.3768,65.025,9.49404,75.7836,53.3548,16.5177,76.0052,42.2725,22.3736,76.4415,31.4908,27.1742,76.8086,20.6294,31.0935,77.233,10.0807,33.8474,77.7034,-0.152482,35.5963,78.0882,-10.5793,36.6249,78.6827,-21.2764,35.3039,79.0132,-31.3523,33.8535,79.4408,-41.4057,31.749,79.7915,-51.2151,28.5361,,,
73.1815,302.175,44.4968,72.8806,281.146,47.7628,71.871,265.604,49.4572,71.4053,245.32,51.2542,70.9803,223.68,52.3016,70.139,208.778,51.3776,69.7736,192.227,49.7612,69.6456,174.388,48.1762,69.507,158.75,45.0409,69.1889,143.416,41.0435,69.2505,127.22,36.7913,68.7817,112.608,31.4026,68.6617,97.8356,25.1094,68.2331,83.3424,18.6017,68.2633,68.812,10.6223,68.0222,55.241,4.9014,67.688,44.0743,11.2162,67.3942,33.0699,16.653,67.1388,21.8876,20.9511,66.9136,10.9601,24.219,66.7147,0.289767,26.4853,66.4334,-10.1895,27.7076,66.1989,-20.8508,28.284,65.8799,-30.8608,27.6812,65.7931,-41.34,26.3686,65.4354,-51.2077,23.6611,,,
73.1684,296.405,45.3922,72.8702,275.904,48.3284,72.831,258.516,49.3664,72.557,240.099,50.246,72.2994,224.189,49.9902,71.8368,207.45,48.8172,71.6104,189.283,47.2158,70.9942,174.123,44.2371,70.4154,158.403,40.4824,70.0636,141.633,36.4426,69.7291,125.408,31.51,69.232,110.83,25.6169,68.9309,95.471,19.2552,68.4786,81.003,12.1638,68.0429,66.3409,4.03933,67.6471,54.9332,8.23242,67.4198,40.4699,16.7014,66.8991,30.1809,22.4484,66.6846,19.7949,27.3557,66.2606,9.76489,30.9634,65.8855,-0.105628,33.6528,65.5521,-9.82623,35.3377,65.2594,-19.3558,36.2648,64.9029,-28.8314,36.0082,64.5827,-38.1744,34.8287,64.2989,-47.607,32.6548,63.8646,-56.4443,29.7882
73.1828,302.111,44.769,72.8852,283.848,47.3434,73.0905,263.209,50.0625,72.8091,245.49,51.4457,72.3172,229.152,51.6029,72.2866,212.088,50.9931,71.8368,195.313,49.7866,71.6199,173.986,48.6348,71.4105,157.654,46.0295,71.207,141.114,42.3249,70.8345,126.365,37.9053,70.6538,110.206,33.1575,70.3079,95.0994,27.0493,69.826,80.3936,20.7218,69.6526,66.1427,13.089,69.4795,51.8308,5.16427,69.4613,39.7037,9.32388,69.4827,28.2257,15.6355,69.3798,17.3864,20.903,69.2883,6.53024,25.0653,69.2138,-4.48204,28.5093,69.2347,-14.6101,30.4872,69.1442,-25.1335,30.5714,69.0725,-35.5583,30.6481,68.9983,-45.6277,29.7391,68.843,-55.573,28.0013,,,
72.3848,299.2,44.9659,71.8657,278.478,47.6876,71.6285,254.772,49.7383,71.1781,236.551,50.843,70.7474,220.87,50.1349,70.1421,203.313,49.3762,69.9834,186.328,47.4019,69.6258,171.371,44.4404,69.5,153.636,41.4194,69.0051,137.869,37.2469,68.8833,122.603,32.1544,68.5956,107.668,26.4807,68.4828,92.5978,20.1495,68.2111,77.8843,13.1373,68.0577,62.9113,2.73318,67.8419,51.5591,9.08217,67.6618,39.9616,14.7299,67.3804,28.5576,19.4433,67.2577,17.1383,23.1918,67.144,6.3246,25.8297,67.0503,-4.49548,27.5721,66.8528,-14.8993,27.9031,66.6842,-25.2405,27.6733,66.7284,-35.8327,26.7159,66.575,-45.8772,24.5248,66.5133,-56.055,21.2823,,,
73.4355,297.792,45.4344,73.1321,279.793,48.2203,73.0849,260.742,50.4481,73.034,242.139,51.7485,72.7601,223.919,52.6868,72.5015,208.171,52.1017,72.2518,190.866,50.8148,72.0159,174.872,48.8499,71.79,158.488,46.2266,71.5705,142.596,42.519,71.1813,127.753,37.8893,71.155,111.548,33.4456,70.9475,96.9613,27.258,70.5567,83.0331,17.6979,70.6509,68.1764,10.0656,70.2915,54.0813,2.26384,70.1293,42.4034,9.60273,69.8534,31.3441,15.9079,69.7303,20.2684,21.328,69.4984,9.73764,25.4629,69.291,-0.808966,28.6363,69.1026,-11.0491,30.8518,68.9407,-21.6678,32.3121,68.6911,-31.5664,32.6022,68.5557,-41.7393,31.9742,68.3402,-51.4613,30.407,,,
73.1828,302.111,44.769,72.8852,283.859,47.3417,73.0853,262.071,49.7596,73.0393,245.643,50.7232,72.9881,229.397,50.6602,72.9311,212.325,50.0821,73.0666,193.947,47.7458,72.9917,177.781,45.2519,72.9122,161.985,41.9619,73.0097,145.158,38.5172,73.0856,129.587,33.5625,73.1456,115.047,27.9569,73.3425,99.7314,21.6473,73.3472,84.3165,14.9769,73.3353,70.3303,7.08819,73.5004,57.2459,5.13604,73.5774,45.9359,11.9147,73.7635,34.5401,17.8846,73.7994,24.0388,22.4203,73.9311,13.1905,26.2742,74.0059,0.0289361,30.3555,74.0833,-9.99622,31.985,74.1301,-20.2189,32.7744,74.0607,-30.169,32.662,74.0651,-39.8583,31.3997,74.1187,-50.034,29.8087,,,
73.1828,302.111,44.769,73.1339,281.178,47.7554,72.8458,263.226,49.8212,72.8053,245.601,50.7321,72.5386,228.184,51.3149,72.0662,211.145,50.5143,71.8309,193.587,49.072,71.4075,177.333,46.7646,71.0107,160.677,43.8279,70.4509,145.176,40.0395,70.1085,128.757,35.8222,69.7791,112.88,30.4318,69.3008,98.01,24.5296,68.9017,79.0021,19.6275,68.327,64.6649,12.309,67.9189,50.7252,4.31966,67.4745,38.628,10.3439,66.9685,27.2938,16.4195,66.4062,16.215,21.5333,65.7794,5.9404,25.2811,65.2539,-4.90732,28.4161,64.7915,-15.4383,30.4211,64.2914,-25.7144,31.4058,63.767,-35.712,31.6419,63.2154,-45.5627,30.6643,62.3469,-55.4996,26.7451,,,
73.1928,306.536,44.0847,73.1543,287.753,47.7515,72.8565,265.489,50.6764,72.8166,245.272,52.8683,72.7768,227.874,53.8134,72.5172,210.851,53.7792,72.499,193.97,56.6143,72.4781,194.246,53.0785,72.4318,176.393,51.7184,72.383,160.744,49.3771,72.3284,144.783,46.4395,72.2659,128.666,42.6581,72.363,113.155,37.9971,72.4363,97.0551,32.7705,72.49,81.6168,27.1028,72.4948,66.9506,17.2028,72.4948,52.428,9.23861,72.623,38.2128,2.66095,72.8596,27.0271,9.79704,73.0555,15.2615,16.1814,73.1088,4.54274,21.2306,73.356,-6.20861,25.4187,73.4595,-16.5909,28.345,73.5318,-26.9986,30.3281,73.6672,-37.2514,31.683,73.8457,-47.304,31.5538,73.9001,-57.3082,31.1962
73.4286,294.884,46.1422,73.1273,277.085,48.8873,73.0833,259.472,50.8855,73.2597,239.913,52.103,73.1994,222.997,52.3945,73.3453,205.496,51.9227,73.2693,189.329,50.4765,73.3829,172.748,48.2745,73.2887,156.606,45.2876,73.1935,141.62,41.4437,73.0844,125.036,36.9897,72.976,110.247,31.733,72.8581,95.2866,25.7768,72.5764,80.6868,18.9315,72.4428,66.4986,11.1258,72.0158,49.6824,4.49611,72.278,39.8685,8.30767,72.1434,26.3842,15.5632,72.0169,15.4678,20.659,72.0086,5.1977,24.5904,71.9914,-5.32115,27.726,71.8626,-15.3422,29.6052,71.8316,-25.2591,30.6187,71.7911,-35.4505,30.9719,71.8204,-45.1678,29.8958,71.5897,-54.6472,28.3362,,,
73.4166,290.663,46.7927,72.867,273.229,48.9915,73.0634,252.374,51.286,73.0022,230.149,52.7751,72.9539,214.949,52.6546,72.8925,197.145,51.729,72.8308,180.741,50.0847,72.764,163.97,47.9351,72.6918,147.751,44.8326,72.7875,130.767,41.2278,72.3607,116.147,36.4587,72.2735,100.272,31.0757,72.1804,85.4912,25.0584,72.0762,70.2076,18.5741,72.0679,55.6027,7.38894,71.9856,42.5939,4.60215,71.9962,30.8863,11.2163,71.9983,19.5602,16.7572,72.1064,8.63327,21.0937,72.1935,-2.44981,24.6957,72.257,-13.3792,27.0944,72.3028,-23.8405,28.6586,72.2353,-34.3538,29.3152,72.243,-44.623,28.9039,72.147,-54.8692,27.6203,,,,,,
73.428,293.279,47.1605,73.3799,274.1,51.3144,73.8025,255.486,53.8607,73.9595,238.389,55.5218,74.0959,221.603,56.3374,74.6295,204.289,56.3307,74.9073,187.466,55.4707,74.9707,172.736,53.3688,75.3732,156.075,51.0662,75.5502,139.978,47.8589,75.7068,125.066,43.7045,75.8137,108.83,39.1778,75.9019,93.7753,33.6112,75.8204,79.6656,27.2867,75.5708,65.4163,20.1909,75.7248,50.8483,12.2923,75.4446,37.0344,4.03714,75.5091,25.6594,8.071,75.4407,14.4511,15.3803,75.3197,1.34166,22.9605,75.1321,-8.72354,27.9943,75.0311,-19.2503,32.2231,74.8353,-29.0957,35.3178,74.6616,-38.2231,40.5867,74.6363,-38.9047,37.3977,74.4384,-48.4435,38.5385,74.2351,-57.9409,38.5362
72.8999,289.108,47.5466,72.6193,270.482,50.1539,72.3561,250.932,52.4562,71.881,233.037,53.4419,71.4367,216.547,53.4833,71.2317,199.441,52.7946,71.2507,176.926,52.2218,71.0587,161.174,49.8747,71.057,145.159,46.7362,71.0468,128.985,42.7684,70.862,113.324,38.3094,70.6758,98.7237,32.7635,70.6491,83.538,26.7592,70.4587,69.2733,19.9315,70.4108,54.5776,12.6092,70.342,40.7335,4.37812,70.4345,28.6884,10.2243,70.4146,17.2702,16.8937,70.3948,6.30863,22.4843,70.3672,-4.31479,26.4693,70.3448,-15.2328,29.7889,70.2212,-25.4978,31.9808,70.1084,-35.7387,33.3626,69.9973,-45.7945,33.544,69.9793,-56.3068,33.2409,,,,,,
73.4269,293.345,46.8935,73.1292,275.57,50.1095,73.0794,254.375,53.0933,73.0282,235.165,54.6712,72.7611,218.529,55.3155,72.7154,201.321,55.1692,72.467,184.528,54.6025,72.6053,167.597,51.6529,72.7261,150.464,48.8943,72.6515,133.95,45.6636,72.5709,118.056,41.5118,72.639,101.082,36.5524,72.5357,85.8685,30.8217,72.5717,70.3202,24.8917,72.441,55.3173,17.8271,72.1627,40.7916,9.94533,72.1458,26.2053,2.25495,72.0338,15.3084,9.85894,71.9296,4.57037,16.7015,71.8303,-6.23027,22.6426,71.6352,-16.7694,27.6602,71.453,-26.6261,31.3258,71.286,-36.7995,34.3167,71.0609,-48.7245,37.415,70.8423,-58.2328,38.3182,,,,,,
72.9346,310.95,43.6715,73.1543,287.753,47.7515,73.1108,269.257,50.3374,73.0616,249.889,52.3779,72.7883,233.182,53.4102,72.5264,215.734,53.6083,72.4853,198.775,52.6916,72.2405,182.196,51.2181,72.005,165.286,48.8307,71.9628,148.96,45.4989,71.7421,128.528,42.5195,71.6918,112.361,37.7089,71.4747,97.3008,32.367,71.5644,81.7675,26.0824,71.4833,66.7569,19.203,71.5253,52.2574,11.2,71.8236,37.6649,4.03319,71.8533,25.8212,11.8905,71.9961,14.2638,19.0174,72.1146,3.22993,24.8705,72.3167,-7.74645,29.8645,72.4836,-18.8306,34.025,72.5161,-29.5464,36.0224,72.5348,-39.9795,37.6688,72.6137,-50.3452,38.3611,,,,,,
73.1606,290.521,47.328,73.122,273.014,50.252,73.0783,254.418,52.8514,72.8024,236.23,54.5075,72.9743,216.567,55.4128,72.5057,201.283,55.1777,72.2647,184.507,54.4075,72.0332,169.023,52.3502,71.8146,150.938,50.2918,71.4247,135.632,46.72,71.2271,119.542,42.5268,70.6896,103.85,35.4072,70.5127,87.7536,29.5482,70.336,72.2939,23.0403,69.8672,57.2574,15.444,69.4092,43.0739,6.83206,69.1992,29.4401,5.00418,69.0116,17.7746,12.3739,68.8475,6.60082,18.5864,68.7105,-4.65449,23.7413,68.5,-15.8685,28.0947,68.3194,-26.717,31.4119,68.0728,-37.2915,33.5237,68.4374,-49.5337,41.1809,67.941,-49.9995,36.2763,67.6931,-60.272,36.5258,,,
73.1975,307.959,44.1299,72.9013,289.055,47.8091,73.112,269.213,50.5878,72.8282,249.777,52.8644,72.7901,231.993,54.2724,72.7472,214.654,54.6478,72.7,197.763,54.1133,72.8478,180.49,53.131,72.7845,163.765,51.4425,72.5362,148.994,48.6544,72.6423,131.975,45.2374,72.5633,116.229,41.3028,72.4767,101.03,36.402,72.3813,86.826,30.3363,72.4214,68.0113,25.7797,72.3016,54.059,18.6882,72.3003,39.3812,11.1074,72.2929,26.8135,3.81324,72.296,15.3602,11.8987,72.1793,4.69503,18.8366,72.1737,-6.01292,24.7137,72.1586,-16.4665,29.4347,72.0411,-26.6634,33.1864,71.8294,-36.5839,35.103,71.7183,-46.4664,36.6183,71.6047,-56.0928,37.0018,,,
73.6831,291.911,47.3666,73.8484,267.931,51.2629,74.0109,249.78,53.7851,74.37,231.064,55.0743,74.6964,213.914,55.3956,74.5786,198.019,55.0878,75.0324,179.175,54.5425,75.082,164.224,52.4809,75.2779,147.485,49.694,75.4453,131.381,46.423,75.424,116.425,42.2605,75.6829,99.7932,37.5747,75.6227,85.8506,31.7733,75.6555,70.2164,22.5281,75.68,55.7562,15.1284,75.67,41.3378,6.90692,75.6763,28.2229,5.03488,75.7209,16.7874,12.7181,75.6219,5.54433,19.3656,75.6089,-5.88457,25.0948,75.6808,-16.6397,29.6131,75.5356,-26.887,33.1745,75.7214,-37.4544,35.6982,75.765,-47.9416,37.3397,75.77,-58.1164,38.0053,,,,,,
73.415,289.152,47.5351,73.1173,270.386,50.8968,73.0717,252.079,52.9749,73.0246,234.111,54.6107,73.1861,215.674,54.9081,73.1221,198.701,54.5702,73.2496,180.528,53.7176,73.1719,164.598,51.8501,73.2697,148.443,48.9521,73.3456,132.153,45.367,73.2345,115.815,41.5791,73.2804,100.714,36.4889,73.3021,85.0907,30.915,73.1595,70.4881,24.5056,73.1469,56.3494,16.9022,72.9768,42.1984,9.07235,73.1833,25.0681,4.51402,73.1305,14.0399,11.8155,73.1832,2.69037,18.5385,73.1126,-7.90514,23.834,73.0349,-18.4839,28.1856,72.9531,-28.7399,31.5997,72.8637,-38.8946,33.9684,72.8489,-49.0076,35.4662,72.6425,-59.2447,34.2507,,,,,,
73.1908,304.988,44.5876,72.8928,284.989,48.1766,72.6178,269.199,50.3508,72.3533,248.629,52.5809,72.1049,226.711,54.0065,72.3011,208.859,54.1158,72.0627,192.393,53.001,72.0345,175.509,51.4955,71.8094,159.882,48.7971,71.595,143.22,45.6964,71.2145,127.745,41.8309,71.2616,111.842,45.8734,71.0167,112.15,36.7391,70.5024,97.5076,31.1352,70.3238,82.8231,24.894,69.8514,67.9849,18.0729,69.5361,53.6135,10.2619,69.266,40.403,5.17599,68.7845,29.3544,12.0537,68.471,18.5625,17.4558,68.1981,7.7499,21.9947,67.9557,-2.74219,25.5141,67.6493,-13.4502,28.2332,67.2619,-23.1871,29.6574,66.8315,-33.1801,30.1133,66.4392,-42.9666,29.3516,66.033,-52.9164,28.4598
72.8996,290.614,46.8051,72.1251,271.709,49.9701,71.6442,252.056,52.0538,70.9677,234.046,52.8384,70.5653,215.436,53.2438,70.1949,198.271,53.4259,69.6414,180.788,51.3081,69.3227,163.871,48.7607,69.0285,147.484,45.8605,68.5834,130.908,42.3111,68.3402,114.356,37.8723,67.9382,98.9385,32.3861,67.7186,83.5409,26.2967,67.5176,67.7205,19.6393,67.1699,52.8836,12.1896,66.6816,38.7938,3.47257,66.7207,25.4372,7.99406,66.4382,13.9603,14.6563,66.1036,2.33112,20.4783,66.0586,-12.2923,27.2428,65.7454,-23.4264,31.0351,65.3003,-34.0719,33.7416,64.9417,-44.7357,35.571,64.5848,-55.3355,36.6425,,,,,,,,,
72.9061,291.833,47.3857,72.6264,272.908,50.5185,72.6019,254.355,52.8654,72.3452,237.292,54.1198,71.8827,219.444,54.7415,71.6603,203.064,54.2564,71.4517,185.269,53.2723,71.2511,168.899,51.2166,71.0751,147.913,49.457,70.895,132.179,46.0991,70.5506,116.895,41.8373,70.5526,101.057,37.2497,70.53,86.2742,30.8669,70.359,71.4799,24.9433,70.32,57.1694,17.6522,70.2681,42.4817,9.8646,70.2491,29.1945,5.71977,70.3697,18.1304,13.4093,70.4797,6.91856,20.2167,70.5757,-4.0355,25.9492,70.6531,-14.7722,30.2181,70.7209,-25.3769,33.755,70.6876,-35.8466,36.41,70.6474,-46.0033,37.789,70.6749,-55.8813,37.7904,,,,,,
73.1874,303.51,44.8154,72.8882,282.282,48.5908,72.6092,262.96,51.0684,72.3492,244.047,53.0642,72.3265,223.593,54.5056,71.6632,206.771,54.684,71.2505,189.498,53.9326,70.8685,171.128,52.3457,70.5184,153.507,50.5142,70.0108,136.569,47.4181,69.5761,116.032,44.6529,69.1495,99.5882,40.185,68.7391,84.3156,34.4431,68.2434,67.2566,29.0585,67.6181,52.2298,22.2546,66.7586,38.0045,14.6643,66.2351,22.8832,6.70371,65.7994,9.82665,8.33383,65.1936,-2.27234,14.6047,64.587,-13.9935,19.945,63.8765,-25.2069,23.9781,63.2158,-36.4579,27.2791,62.6108,-47.6241,29.8028,61.707,-58.2715,30.9201,,,,,,,,,
73.9321,289.089,48.0489,73.8483,267.916,51.2652,74.0901,266.597,51.9472,74.2363,247.398,54.609,74.3737,230.891,56.2157,74.7003,213.751,56.7079,74.9848,196.119,56.8469,75.0444,179.882,56.197,75.4535,162.652,54.6868,75.6419,146.785,52.2277,75.6282,131.394,49.258,75.9211,115.392,45.4394,76.1671,99.9359,38.36,76.3808,85.0821,32.508,76.4023,70.2317,26.149,76.5332,55.5082,18.933,76.4936,41.273,11.1642,76.6806,27.1826,2.37984,76.7903,15.9873,8.72484,76.8423,4.25041,15.5323,76.7731,-6.36102,21.0727,76.7792,-16.9381,25.5103,76.7433,-27.6214,29.0349,76.677,-38.0816,31.6673,76.5917,-48.0833,32.7555,76.535,-58.4727,33.7341,,,
73.6986,296.088,46.9881,74.3789,275.691,50.0796,74.7769,259.402,52.3115,74.8971,242.019,54.0447,75.6637,225.175,53.9997,75.905,205.656,54.4094,76.3356,188.789,53.4019,76.5336,173.2,51.3072,76.88,157.318,47.0052,77.0159,142.483,43.0503,77.2685,126.099,38.6319,77.1805,112.005,33.2525,77.383,97.1775,26.9543,77.2502,83.2121,20.3954,77.2352,68.6674,13.2042,77.0609,54.8925,4.82651,77.0613,42.6766,7.57263,76.8051,31.5041,14.034,76.6699,20.3413,19.455,76.4178,9.75924,23.5759,76.1532,-1.29852,27.1112,75.9025,-11.6973,29.5059,75.6513,-22.0106,30.7762,75.2192,-32.0522,31.1337,74.8936,-41.9476,30.5185,74.571,-51.8769,29.0743,,,
73.4373,296.054,46.9958,73.6355,276.819,50.4103,74.0457,256.763,53.4301,73.9696,240.618,55.1819,74.322,222.667,56.1685,74.4075,202.369,56.8563,74.4978,186.505,56.0439,74.5655,170.211,54.6213,74.8028,154.454,52.3375,74.6521,139.088,49.1528,74.647,122.308,43.5306,74.4803,107.313,38.5993,74.3111,92.7646,32.9577,73.9839,78.554,26.2569,73.9428,63.46,19.2885,73.6067,49.2023,11.4048,73.2713,34.9957,3.21209,72.9651,24.5577,9.70993,72.6874,13.5897,16.8235,72.3196,3.27119,22.6969,71.9835,-7.18506,27.7781,71.5762,-17.2733,31.7158,71.1129,-27.2213,34.7016,70.604,-36.8424,36.5997,70.143,-46.3291,37.4202,69.7236,-55.682,37.1997,,,
73.4572,305.004,44.5828,74.4169,283.833,48.0876,75.0572,265.788,50.368,75.8731,248.044,51.9415,76.8276,229.59,53.0539,77.7048,212.742,52.7687,78.6931,195.433,51.7762,79.6045,179.512,49.8593,80.4316,164.011,47.0819,81.3248,147.523,43.8717,82.3051,131.683,39.8236,83.1886,116.412,35.0567,84.0055,98.4502,30.5374,84.8424,83.9502,24.1827,85.5923,69.9194,17.1207,86.5027,55.5238,9.34878,87.6662,41.8694,6.06277,88.5053,30.3404,12.0743,89.2368,19.5228,16.7561,90.0313,8.56971,20.7041,90.7844,-2.20048,23.5246,91.4668,-12.9565,25.503,92.2602,-23.0114,26.1804,92.919,-33.3753,26.3496,93.5958,-43.6248,25.3309,94.2129,-53.556,23.4193,,,
73.1874,303.51,44.8154,72.8928,284.989,48.1766,72.6134,265.413,50.9322,72.8178,245.224,53.1068,72.3308,228.84,53.885,72.304,211.764,53.8422,72.4772,193.324,53.2421,72.4318,176.381,51.7206,72.3811,159.972,49.3458,72.3237,143.373,46.2066,72.0878,128.609,42.139,72.1892,111.894,37.4914,72.1091,96.9133,31.8144,72.0208,81.8867,25.7089,71.9207,66.4235,19.0196,71.6659,52.3052,11.1758,71.551,34.8767,4.4993,71.457,23.0732,10.9668,71.3758,11.5157,17.166,71.2964,0.720687,22.0822,71.2165,-10.7282,25.8266,71.0428,-21.6048,28.7932,70.9743,-32.5437,30.8421,70.7291,-42.8424,31.7689,70.6655,-53.4499,31.8236,,,,,,
72.9074,291.774,47.6507,72.632,274.057,51.0818,72.6046,254.261,53.3504,72.1207,238.257,54.6522,71.8903,221.335,55.746,72.0929,202.028,56.0999,71.8691,186.912,55.1925,71.8487,169.683,53.5832,71.8248,154.527,51.4152,71.6128,139.018,48.1118,71.7509,123.411,44.1555,71.8652,107.736,39.3526,71.798,93.0923,33.537,71.8758,77.4772,27.7926,71.636,63.6771,20.4749,71.5351,49.02,12.893,71.5495,34.862,4.35709,71.9301,22.5651,8.25775,72.0638,11.1969,15.1954,72.1751,0.345099,21.0209,72.2603,-13.323,27.4135,72.3276,-23.5825,31.1689,72.4633,-34.0973,34.0997,72.4835,-44.1082,35.8774,72.6381,-54.3863,36.6472,,,,,,
72.6388,283.495,48.9105,72.1277,264.004,51.6346,71.8873,246.164,53.4317,71.4363,228.622,54.373,71.0227,210.424,55.145,70.6354,192.84,54.5749,70.2712,176.636,53.0761,69.7419,160.789,50.9198,69.6261,143.325,48.2624,69.327,127.832,44.3157,68.8815,112.745,40.0388,68.9507,96.5758,34.788,68.6869,81.9494,28.6418,68.731,66.9077,21.856,68.4701,52.2404,14.023,68.4811,38.1475,5.77641,68.6143,25.3561,6.86424,68.7039,13.8165,13.7618,68.7879,2.79893,19.6769,68.9817,-8.45542,24.7939,69.1496,-19.1633,28.6214,69.3025,-29.7529,31.6027,69.5226,-40.171,33.4882,69.7064,-50.4988,33.9972,,,,,,,,,
72.9192,302.024,45.0469,72.8845,280.989,48.5384,72.6106,264.204,50.8767,72.3478,244.089,52.8271,72.3221,220.563,54.5563,71.8734,204.021,54.512,71.6483,187.095,52.5341,71.44,170.57,50.6917,71.2445,153.043,48.3553,70.8738,137.529,44.8338,70.8686,121.282,40.6771,70.8563,105.064,36.0617,70.668,90.4664,30.1129,70.6412,74.8997,24.2758,70.5913,59.8713,16.9368,70.6706,45.0632,9.6309,70.7447,31.4149,3.73331,70.9598,20.1573,11.4504,71.0306,8.98397,18.0316,71.1992,-2.20845,23.5831,71.4445,-12.8218,27.9562,71.6563,-23.7723,31.7272,71.9222,-33.913,34.2018,72.1421,-44.1217,35.6919,72.3186,-54.1462,36.2033,,,,,,
73.1908,304.988,44.5876,73.1493,284.959,48.4312,73.1074,266.633,51.2248,73.2899,246.361,53.3882,73.0079,228.841,54.5459,72.9565,211.756,54.9076,72.8999,195.101,54.1602,72.8374,177.186,53.1472,72.764,156.971,51.6616,72.6938,141.35,48.4883,72.6172,125.554,44.6687,72.5356,109.711,40.495,72.5852,94.379,32.7878,72.477,79.5752,26.5443,72.3571,64.7667,19.5452,72.6413,49.3593,12.2609,72.479,35.5262,3.68174,72.5685,23.5544,8.55381,72.6579,11.7283,15.0263,72.5084,0.96292,20.4168,72.4659,-10.1191,24.7493,72.3171,-20.9459,28.0512,72.0815,-31.6655,30.6046,71.8593,-41.8938,31.9403,71.7277,-52.616,32.467,,,,,,
73.1895,305.054,44.3138,72.8888,285.152,47.3939,72.3663,268.044,49.8007,72.1123,248.755,51.6312,71.8717,231.101,52.1825,71.645,214.79,52.0447,71.4305,196.914,51.1604,71.2232,181.302,49.1874,71.2153,165.257,46.1259,70.8356,148.775,42.9268,70.8306,132.24,38.6973,70.6417,117.458,33.6371,70.4594,101.88,28.014,70.273,87.3072,21.4187,70.0882,72.6207,14.3462,69.8969,58.3201,6.41235,70.0885,45.4154,7.00548,69.8501,31.3115,15.6376,69.8615,20.0679,21.9687,69.7482,9.7383,26.8723,69.655,-1.10176,31.0946,69.5621,-11.6291,33.7004,69.4801,-21.9726,35.5561,69.4993,-32.2644,36.6811,69.2469,-42.1513,36.5526,69.1751,-52.0225,35.3395,,,
73.1754,297.639,45.9797,72.3844,280.724,49.5834,72.1304,258.989,52.8747,71.6621,242.58,54.6754,71.0019,225.284,55.5689,70.3902,208.323,55.7085,69.8167,192.647,54.8209,69.3022,174.738,53.6354,68.42,160.459,50.999,67.9915,143.598,47.851,67.4153,127.929,44.1331,66.8754,112.714,39.3797,66.5379,97.4106,33.8858,66.0676,82.5248,27.8164,65.777,67.6428,20.9574,65.1922,53.9481,13.1099,64.6577,39.7273,4.82084,64.4964,27.8435,8.13433,64.1973,17.0726,15.0149,63.95,6.63366,20.9578,63.7686,-4.02616,26.0149,63.7571,-16.7818,31.41,63.6466,-26.6529,34.2384,63.5731,-36.341,36.2708,63.4432,-45.9347,37.2398,63.3426,-55.39,37.1598,,,
72.9143,299.127,45.4932,72.8737,277.162,48.381,73.0782,258.341,50.5851,73.2492,236.617,52.4039,73.1831,217.931,52.8017,72.9103,202.64,51.7956,72.8477,184.929,50.6966,72.781,167.838,48.6895,72.3416,152.697,45.7846,72.266,135.944,40.2855,72.0255,120.966,35.631,71.9545,104.686,30.5304,71.8756,90.0846,24.5781,71.7853,75.383,17.927,71.5335,61.9241,9.98744,71.572,46.852,3.14262,71.4738,35.8047,9.6762,71.2557,24.9488,15.3298,71.0554,13.7173,20.1162,70.8713,2.86425,23.9436,70.6983,-7.66332,26.6162,70.4346,-17.9272,28.2304,70.194,-28.2992,29.0794,70.0581,-38.5046,28.8874,69.9281,-48.7145,27.8978,69.7055,-58.256,25.434,,,
73.4424,300.735,44.7178,73.3872,281.21,47.7482,73.5752,263.36,49.5521,73.9696,244.653,50.6427,73.6648,229.498,50.637,74.0042,210.552,50.1706,73.6982,194.888,48.6009,73.9955,177.91,46.4218,73.8791,162.138,43.2807,73.9394,146.069,39.4106,73.9817,130.467,34.7704,74.0017,114.695,29.4789,74.3248,98.9597,23.4642,74.1202,81.6393,17.8787,74.222,67.0331,10.2187,74.3278,54.0186,5.28793,74.4861,42.2157,11.766,74.6159,31.0393,16.7286,74.5949,20.0733,20.7,74.6731,9.1456,23.9108,74.7288,-1.2511,25.7457,74.6557,-11.4599,26.5651,74.6694,-21.4132,26.3803,74.6471,-31.9176,25.7691,74.6905,-42.1032,23.9826,74.4549,-51.8227,21.0925,,,
72.9058,293.363,46.6386,72.8706,274.488,49.0429,72.5954,257.061,50.7904,72.5649,239.88,51.657,72.309,223.985,51.5755,72.279,207.297,50.9776,72.4451,189.258,49.4735,72.593,173.47,47.1454,72.3403,157.959,43.8458,72.4582,141.477,40.0027,72.2068,126.094,35.2703,72.1272,111.159,29.537,72.0416,96.0617,23.6438,71.9425,81.8821,16.4697,71.6834,67.4998,8.88957,71.7435,53.4502,4.16705,71.6417,42.3498,11.4264,71.5447,31.1055,17.7237,71.3283,20.4181,22.7258,71.2428,9.72082,26.7381,71.1596,-0.950117,29.7885,70.975,-11.3212,31.9083,70.8979,-21.5777,33.0158,70.7486,-33.772,34.5452,70.585,-43.6305,33.6997,70.5079,-53.6495,32.0662,,,
73.4178,290.604,47.0574,73.8587,272.006,49.4175,74.0197,253.643,51.3132,74.3875,235.702,52.3139,74.4974,218.165,52.5325,74.98,197.475,52.2745,75.2744,185.453,49.7635,75.4703,166.089,48.2451,75.665,150.599,44.7178,76.0023,134.875,40.8848,76.4689,119.687,35.9489,76.8579,103.731,28.0355,77.2114,88.9166,21.5949,77.5165,74.5326,14.2886,77.7537,59.6536,6.49638,78.2869,47.4815,7.11399,78.5173,36.9104,14.2081,78.8161,26.2881,20.5848,79.1792,15.9817,25.7663,79.4691,5.67686,29.9374,79.8113,-4.26376,33.0775,80.0922,-13.9183,35.1401,80.4042,-23.474,36.2746,80.808,-33.2611,36.5318,81.139,-42.6983,35.8881,81.414,-51.7603,33.986,,,
73.4269,293.345,46.8935,73.125,274.317,50.0535,73.0825,256.857,52.2414,73.0348,239.702,53.2807,72.7649,223.782,53.591,72.7188,207.133,53.1296,72.6694,190.826,52.0483,72.8079,174.146,49.778,72.5514,159.385,46.5997,72.6651,144.255,42.4825,72.4092,128.722,38.1598,72.4952,113.71,32.7881,72.3956,99.0351,26.3736,72.2907,83.7311,20.2443,72.0226,70.7147,12.2003,72.0401,56.2002,4.06345,72.1679,44.6772,8.4342,72.1703,30.7941,16.1607,72.2868,19.6446,21.6159,72.3816,9.12054,25.7479,72.5599,-1.41911,28.4338,72.6081,-11.4068,30.3118,72.9293,-21.4726,31.2715,73.1088,-31.4415,31.524,73.4229,-41.399,30.8829,73.5216,-50.6638,28.9843,,,
72.8975,287.727,47.7578,72.8634,267.915,50.7888,72.5925,249.759,52.8693,72.1092,233.043,53.6635,71.8764,215.567,54.0745,71.4407,200.395,52.8341,71.4432,181.982,51.8677,71.241,165.857,49.4957,71.0483,150.15,46.5508,70.8579,134.868,42.3893,70.6736,119.971,37.69,70.6532,104.902,31.8484,70.6303,89.2211,26.0643,70.278,75.4076,18.5846,70.081,61.4512,10.5401,70.0308,47.0829,2.72353,70.0178,35.2309,9.54552,69.8799,24.0575,15.3874,69.761,12.9259,20.5457,69.6519,2.15586,24.5875,69.4444,-8.33203,27.4777,69.2585,-18.7123,29.4948,68.9944,-28.7849,30.5863,68.8439,-38.9249,30.6357,68.7914,-49.0126,29.9242,68.6205,-60.1759,29.48,,,
73.4338,296.244,46.1913,73.876,275.8,49.3259,74.2741,255.85,52.1485,74.6278,236.597,53.7546,74.7431,220.993,54.027,74.8335,204.608,53.7533,74.8935,186.811,53.1629,74.937,169.673,51.6145,74.779,153.103,49.2475,74.4281,135.072,46.462,74.2734,119.15,42.4257,74.282,103.859,38.0713,73.9616,88.9934,32.7043,73.7992,74.642,26.5778,73.462,60.377,16.375,73.1447,46.2886,8.6882,72.998,33.454,4.06837,72.8262,22.4717,10.2922,72.546,12.0697,15.5093,72.3951,1.41558,19.9084,72.1419,-8.72042,22.9805,71.8039,-18.6057,25.1677,71.6803,-28.5484,26.5853,72.0226,-38.4057,28.8015,70.9143,-47.352,26.0799,70.6429,-56.5513,24.2393,,,
73.1928,306.536,44.0847,72.8875,285.208,47.1324,72.1173,269.389,49.1057,71.6367,248.803,50.9278,70.9645,231.027,51.7541,70.3336,214.654,51.2139,69.7505,197.599,50.0084,69.2115,180.929,48.2728,68.7074,164.691,45.4923,68.4304,148.173,42.1516,67.9923,132.12,38.0286,67.2238,117.667,32.9012,66.6825,102.364,27.0314,66.0085,87.9496,20.5496,65.5564,72.4196,13.6585,64.8141,58.1586,5.73985,64.4176,45.6741,6.77735,63.9192,34.332,13.451,63.3548,23.5151,18.9351,63.0106,12.3517,23.6782,62.7411,-0.94736,28.5325,62.1829,-11.167,30.8722,61.7127,-21.3744,32.3334,60.9645,-31.1392,31.2534,60.3577,-40.9161,30.5991,59.8718,-51.0027,29.2816,,,
73.1895,305.054,44.3138,72.8912,286.525,47.1817,72.8514,265.683,49.6781,72.5714,243.209,51.5815,72.3174,227.01,52.1803,72.2875,208.14,52.1092,72.4583,190.898,51.0122,72.0075,175.773,47.476,71.7766,159.315,44.317,71.5562,143.327,40.67,71.1695,127.1,36.4452,70.6268,112.54,30.8791,70.4441,97.2855,25.2814,69.9515,82.3838,18.9577,69.4761,67.8647,11.5205,69.0256,53.2985,3.79333,68.7589,41.7563,8.43017,68.4224,30.6019,14.4328,68.1324,19.4022,19.7476,67.8711,8.47526,23.682,67.5199,-1.64222,26.5207,67.3204,-11.9923,28.5859,67.0502,-22.3346,29.7136,66.7155,-32.4287,29.8539,66.4996,-42.4642,28.8008,66.1393,-52.0621,27.2225,,,
72.9058,293.357,46.6395,72.3738,275.682,49.1104,72.1199,255.661,51.7246,71.4197,239.534,52.866,70.9885,222.536,53.1515,70.8039,203.988,52.8435,70.2135,188.63,51.4525,69.6709,171.853,49.4744,68.9721,156.263,46.5468,68.5031,140.371,42.5305,68.0786,124.273,38.4938,67.5107,108.634,33.3157,66.9643,93.9874,26.9562,66.4165,74.782,22.4348,65.8152,60.2201,15.106,64.9478,46.75,6.842,64.1919,35.1291,8.91783,63.7414,23.8802,14.7025,63.2271,13.177,19.4181,62.5607,2.58556,23.0436,62.0136,-8.24526,26.072,61.4014,-18.1172,27.7499,60.9422,-28.846,28.9717,60.3145,-38.6064,28.6428,59.6396,-48.5688,27.805,59.0306,-58.2134,25.7149,,,
73.4326,296.3,45.924,73.3757,275.757,49.337,73.0833,259.467,50.8863,73.0409,240.741,53.8028,73.0326,240.967,52.1654,72.9811,223.977,52.4544,72.7115,207.275,51.8298,72.6597,190.064,50.7548,72.4071,174.147,48.5949,72.1642,157.828,45.7932,72.1112,141.335,42.263,72.0526,126.044,37.9798,71.8171,111.12,32.6975,71.9073,96.1336,26.8511,71.6679,82.0016,20.4152,71.571,67.728,12.6963,71.4629,53.3936,4.67533,71.6105,41.6333,8.46458,71.6545,27.4248,16.87,71.5625,16.8566,22.6233,71.5882,6.06751,27.5605,71.5987,-4.6769,30.9878,71.7018,-15.1796,33.6254,71.5938,-25.1437,35.2352,71.5755,-35.323,35.9853,71.5441,-45.3165,35.6803,71.5002,-55.2548,34.5426
72.919,303.63,44.2735,72.8711,277.278,47.8659,72.8336,258.443,49.8558,72.3313,242.234,50.5887,72.2994,224.193,49.9895,72.0525,207.476,49.0245,71.817,189.314,47.4138,71.593,173.397,44.984,71.3744,157.085,41.3613,71.5328,139.21,37.8015,71.3143,124.568,32.8236,71.2728,108.504,27.7587,71.2142,94.0685,21.2907,71.3022,78.0179,14.7146,71.0652,63.8478,6.9951,71.185,50.3513,5.73539,71.2393,38.3235,12.2457,71.1538,27.291,17.3652,71.1922,15.6014,21.6657,71.2221,4.0806,25.1861,71.1306,-6.55774,27.3236,71.143,-17.5126,28.7842,71.1426,-28.2682,29.2691,71.1281,-38.8222,28.7744,71.0137,-49.4056,27.2873,70.9695,-59.59,24.759,,,
72.9091,297.807,45.1771,72.6227,277.14,48.3868,72.5954,258.318,50.3548,72.1034,240.942,51.4901,71.8642,223.91,51.5921,71.8513,205.31,51.121,71.6269,189.091,49.5128,71.6117,171.615,47.5354,71.2192,152.452,45.0946,71.3857,135.039,41.7969,71.3499,120.177,36.9206,71.3088,104.544,31.7824,71.0991,89.3749,25.8391,71.0101,73.536,16.0782,70.9319,59.3021,8.33481,70.8905,45.487,4.64156,70.9662,33.9219,11.6883,71.0313,22.3792,17.7774,70.9656,11.491,22.6004,70.9007,0.936824,26.3477,70.9425,-10.0059,29.2121,70.8747,-20.5296,31.1978,70.897,-30.8403,32.1389,70.9033,-40.9961,31.971,71.0651,-51.4712,31.3638,,,,,,
72.9042,294.952,45.6202,73.1105,272.074,48.6769,73.064,254.928,49.937,72.7839,236.756,51.0219,72.9581,219.1,51.0777,72.8958,200.945,50.205,72.829,183.399,48.3583,73.1437,165.698,46.0138,73.2402,149.367,42.9539,73.6627,132.321,38.8311,74.0371,115.968,34.2148,74.2144,101.871,28.1524,74.6458,85.0788,22.2062,75.1722,69.5604,15.1077,75.625,54.2078,7.40014,76.1942,40.5929,5.61711,76.6052,28.6419,11.776,77.0589,16.6203,17.4469,77.5463,4.93223,22.129,78.0457,-6.6671,25.7502,78.4442,-18.1372,28.2745,78.7503,-31.3856,31.2221,79.1458,-42.1118,31.6073,79.5766,-53.0854,31.5688,,,,,,,,,
73.1835,303.699,43.997,73.1437,286.721,46.3876,73.0929,267.207,48.2207,73.032,244.661,49.9547,73.2051,228.527,49.6847,73.1346,210.574,48.8823,72.8605,195.806,46.9722,72.7817,178.74,43.0328,72.7083,163.635,39.2324,72.8126,147.362,35.1165,72.719,132.18,30.0679,72.6137,116.706,24.0258,72.5073,102.799,17.5767,72.5458,88.0763,10.3774,72.5711,74.2543,3.27462,72.4188,62.7356,10.5693,72.2735,51.3338,16.8515,72.2688,40.1727,22.335,72.1291,29.1459,26.6166,71.9948,18.654,29.8119,71.8625,8.30925,31.8537,71.7344,-2.35182,33.2657,71.607,-12.5185,33.5749,71.5766,-22.8695,33.079,71.4417,-32.8169,31.5384,71.371,-40.637,27.0764,71.2347,-52.3784,25.4142
73.1949,308.081,43.5802,73.6719,290.858,45.9923,73.6106,273.48,48.2059,74.0143,253.896,49.8564,74.3675,233.86,50.351,74.4955,219.494,49.8988,74.5844,202.328,48.6688,74.6688,187.336,46.5437,75.1153,171,43.6747,75.3266,155.059,40.2614,75.6895,139.598,35.9874,75.842,125.142,30.4396,76.289,109.87,24.8031,76.367,95.4987,18.1375,76.5747,81.4824,10.5309,76.8783,66.8812,2.69917,77.2115,54.9048,9.41379,77.1829,41.6547,16.3373,77.4249,30.4348,21.3844,77.5156,20.0667,24.9882,77.7878,9.29315,27.145,77.918,-0.659885,28.5969,78.1961,-11.0688,29.3724,78.3287,-21.0432,28.9539,78.4209,-30.7985,27.6241,78.6389,-40.643,25.5401,78.6377,-50.2298,22.251
73.1903,306.663,43.5355,73.1314,281.292,47.2361,73.0829,262.163,49.2639,72.8041,245.667,50.4894,72.7528,227.377,49.8853,72.4867,210.441,48.9125,72.2341,193.833,47.3594,71.9903,177.616,44.6921,71.5639,162.487,41.2744,71.3475,146.203,37.5156,71.1356,130.392,32.8059,70.7571,114.97,27.2913,70.5541,100.566,20.8564,70.3598,84.89,14.2674,69.9937,71.5542,5.89441,69.7543,58.2826,6.59225,69.752,46.3277,13.4329,69.4847,34.9157,18.8961,69.3676,23.8127,23.3932,69.3835,12.4046,26.9665,69.2822,1.6003,29.4802,69.1857,-8.92623,30.8803,69.1986,-19.5809,31.4588,69.2018,-29.9083,31.0534,69.2479,-42.5244,31.2677,69.1489,-52.4279,29.0453,,,
72.9077,297.87,44.9075,72.8636,276.159,47.0476,72.3432,258.645,48.3936,71.8529,242.488,48.4724,71.3951,224.285,48.2037,70.7499,207.475,46.8915,70.1458,190.98,44.6152,69.5839,174.788,41.9014,69.1028,153.625,39.3199,68.6221,137.809,35.2258,67.98,123.629,30.055,67.3895,108.444,24.3026,66.7647,94.5707,14.2466,66.0814,79.3422,6.80374,65.6865,66.5908,6.41744,65.1508,55.6985,12.9235,64.7106,44.0632,19.0358,64.1731,33.2685,23.5621,63.7025,22.586,27.1428,63.3064,11.7499,29.9169,62.8263,1.59516,31.3892,62.3136,-8.7666,31.9232,61.8796,-19.1697,31.7531,61.2874,-29.077,30.4147,60.862,-39.0153,28.2824,60.2281,-48.7681,25.3126,59.5337,-58.0635,21.0437
73.4319,297.973,44.6264,73.375,278.751,47.1316,73.5574,259.884,48.9016,73.7158,241.474,49.5482,73.6384,225.554,49.0748,73.9791,207.925,48.0667,74.0814,191.633,46.1094,74.3577,174.918,43.2341,74.6078,159.418,39.8158,75.0033,143.613,35.5034,75.3541,128.238,30.45,75.8249,112.72,24.7582,76.2498,98.2286,18.1668,76.625,84.095,11.133,77.0832,69.3622,3.34324,77.7047,57.6001,8.59874,78.1086,46.0866,14.2233,78.4484,34.7959,18.7231,78.8655,24.1183,22.0596,79.2256,10.8305,25.9761,79.4899,0.284958,27.4746,79.9127,-9.93007,27.9042,80.266,-19.8909,27.4623,80.796,-30.6512,24.6591,81.3429,-40.6623,22.0254,81.7005,-50.6461,18.5178,,,
73.2018,311.096,43.1123,73.6614,288.147,46.1599,73.5933,269.814,47.8014,73.9929,250.589,48.9766,74.1343,234.033,48.9633,74.6828,215.721,48.5927,74.9293,193.42,47.8298,75.1758,176.572,45.6836,75.3896,160.237,42.5307,75.5586,142.965,39.23,75.8658,126.419,32.6122,75.977,111.009,27.261,76.0609,96.0615,21.0362,76.4047,80.1256,14.4645,76.2735,66.0289,6.57542,76.4445,52.6468,6.10859,76.4936,41.0788,13.0565,76.5101,29.4803,19.0413,76.4981,17.9721,24.1517,76.4732,7.14471,27.8529,76.4246,-3.57026,30.7267,76.3601,-13.9165,32.5592,76.4509,-24.6694,33.7284,76.4157,-35.0459,33.7037,76.4446,-45.0102,32.657,76.263,-55.1824,30.8241,,,
73.3849,281.313,47.2304,73.3305,263.382,49.3096,73.0369,245.717,50.247,73.2055,227.354,50.5551,73.1402,210.432,49.9849,73.0689,193.914,48.168,73.1905,176.099,46.4005,72.9112,159.631,43.2714,72.8234,142.978,39.4388,72.5599,128.135,34.8819,72.4654,111.263,29.852,72.0455,97.1759,23.7657,71.9486,81.4178,17.3217,71.6917,67.0985,9.88801,71.4472,53.255,3.1537,71.3574,41.325,10.2857,71.1538,27.2909,17.3652,70.9552,16.8342,21.8394,70.8885,6.08809,25.66,70.8203,-4.36648,28.3107,70.5358,-14.7983,28.9657,70.4751,-25.1647,29.5842,70.3202,-35.2291,29.3681,70.341,-45.31,28.183,70.1729,-54.7515,25.6789,,,,,,
72.9018,293.537,45.8398,72.8544,268.263,49.0311,72.8137,249.019,50.6487,72.7699,231.422,50.9977,72.7206,212.165,51.1912,72.6617,194.649,49.0717,72.8,176.79,47.0622,72.7294,160.3,44.2819,73.0191,144.4,40.5799,72.7453,128.174,36.3179,72.8147,111.983,31.379,73.1834,95.94,25.8879,73.1959,80.4255,19.6883,73.3371,66.3935,11.9735,73.4298,50.2066,4.68653,73.5984,37.8945,7.36699,73.6372,25.955,13.2245,73.7775,14.4746,17.8142,73.886,3.13328,21.4848,73.9648,-8.0105,24.2491,74.017,-18.739,25.8031,74.1323,-29.618,26.6926,74.2091,-40.2527,26.4677,74.3348,-50.677,25.6886,,,,,,,,,
73.1936,308.155,43.3031,73.1468,288.103,46.1716,73.0957,268.476,48.0188,73.0461,250.423,49.2478,72.9916,232.727,49.4225,72.7183,216.342,48.9368,72.6623,198.42,47.5217,72.6061,182.746,45.2414,72.3491,166.521,42.3144,72.2902,151.471,38.6649,72.4004,135.403,34.169,72.3147,116.692,29.9477,72.2251,101.196,24.437,72.126,86.7016,17.9318,71.6766,73.1691,6.64413,71.6404,59.8582,6.45701,71.5376,48.6341,13.2291,71.4403,37.5874,19.0497,71.3484,26.4195,24.0429,71.2585,15.8396,27.8757,71.0589,5.44936,30.7523,70.9784,-4.92927,32.6698,70.7894,-14.442,33.1246,70.5216,-24.67,33.2427,70.3546,-34.2402,32.1165,70.099,-43.7644,29.7579,69.9489,-53.4293,27.4259
73.9327,290.775,46.5148,73.3674,274.651,48.519,73.5443,254.904,50.41,73.4778,237.897,51.2846,73.4116,222.174,51.2086,73.5464,204.761,50.3543,73.6652,188.704,48.5425,73.9546,171.377,46.5758,74.029,156.127,43.2857,74.081,140.512,39.3008,74.2891,125.37,34.3714,74.63,110.079,28.9756,74.7721,95.7483,22.7035,75.034,81.2886,15.6756,75.0992,66.6947,8.07953,75.4699,53.9728,5.29968,75.7135,42.6809,12.1258,75.9153,31.6526,17.9819,76.0783,20.8873,22.7182,76.315,10.1273,26.3565,76.4128,0.241844,29.2462,76.6691,-10.1366,30.9858,76.8776,-20.1759,31.8321,77.0281,-30.316,31.8676,77.1673,-41.6362,31.7183,77.3041,-51.3139,29.915,,,
73.4525,305.267,43.4862,72.8868,288.181,45.652,72.841,266.057,47.6763,72.5644,249.379,48.2488,72.3002,231.736,48.2408,72.2648,212.512,47.455,72.0179,194.822,45.9165,71.7835,177.645,43.6802,71.3659,160.943,40.4624,71.3419,143.376,36.7296,71.1314,127.762,32.0903,70.5927,111.272,27.0516,70.5641,96.0608,20.9172,70.3698,80.2135,14.1521,70.1742,64.9285,6.82265,70.3429,51.3742,6.17262,70.1738,39.9282,12.6435,70.0235,28.3904,18.2337,70.0395,13.8659,24.1468,70.0252,2.80297,27.743,70.0413,-7.40349,33.0054,70.0077,-7.8721,30.3097,69.9752,-18.8675,30.821,69.9492,-29.5219,31.2408,69.8261,-39.8471,30.6111,69.7061,-50.187,29.0725,,,
73.1704,297.893,44.9014,72.6199,277.25,47.8726,72.349,258.468,49.3786,72.0947,240.039,50.2603,71.8535,222.06,50.1396,71.4205,200.702,50.0526,71.4189,182.255,48.5958,71.2153,165.278,46.1215,70.8164,149.564,40.8535,70.4547,133.498,36.7271,70.1161,117.293,32.0972,69.6269,101.575,26.404,69.3263,85.8866,20.2873,68.8761,71.133,13.0315,68.4563,55.9069,5.52526,68.319,43.0917,7.13979,68.0014,31.7782,13.1133,67.8642,19.8189,18.5816,67.4966,9.08828,22.5885,67.2955,-2.15919,25.6954,67.0139,-12.7606,27.967,66.7732,-23.51,29.1862,66.3699,-33.7822,29.3289,66.1134,-44.2508,28.7087,65.7117,-54.3161,26.9682,,,,,,
73.408,289.506,45.9498,73.3435,268.456,48.2639,73.5209,250.445,49.4746,73.2233,233.824,49.4611,73.1509,214.399,49.2786,73.2843,195.748,48.2333,73.0029,179.392,46.1277,72.7314,162.649,43.3717,72.6495,145.04,39.6769,72.3907,129.392,35.2631,71.968,113.525,30.0359,71.89,96.603,24.6505,71.4927,81.8255,18.1635,71.1042,66.4772,10.6618,71.0124,51.3115,2.72155,70.8353,35.7908,11.7588,70.5407,24.3528,18.4369,70.3996,12.451,24.3351,69.9372,1.20289,28.8153,69.6315,-9.77607,32.3784,69.3629,-20.7403,34.9913,69.1283,-31.5956,36.7133,68.9201,-42.1041,37.5175,68.6545,-52.5253,37.2983,,,,,,,,,
73.8867,280.033,47.4259,74.0552,262.285,49.2355,74.4259,243.806,49.3868,74.5479,227.784,48.9035,74.8472,208.993,48.2924,74.7169,193.504,46.359,74.9626,175.833,43.6343,74.9998,160.237,40.3981,74.872,145.541,43.8323,75.1961,144.351,35.8755,75.5343,128.278,31.3522,75.658,112.69,25.6599,75.7599,98.1067,18.7383,75.971,82.4088,12.1806,76.0046,68.1223,4.10776,76.084,55.7341,8.23751,76.018,44.1489,13.8136,76.0613,32.4663,18.2959,75.9586,21.0738,21.9499,76.0724,9.76253,24.4831,76.0445,-1.21211,26.2053,76.0959,-12.0754,26.901,76.1182,-22.6167,26.532,76.0978,-33.4006,25.6458,76.0601,-43.5343,23.3265,76.0544,-54.1579,20.5235,,,
73.429,296.479,45.1192,73.1224,277.3,47.8601,73.311,257.323,49.7907,73.2519,240.177,50.4563,73.4118,223.303,50.3535,73.3337,205.756,49.5386,73.2527,188.678,47.9356,73.169,172.075,45.6456,72.8953,157.417,42.0404,72.9897,140.959,38.2687,73.0629,125.049,33.5719,73.1158,109.638,28.0782,72.9803,91.9828,23.047,72.996,77.1686,16.2051,72.9628,62.9568,4.95493,73.1655,49.9312,7.33469,73.1167,38.764,13.4885,73.0583,27.4507,18.5307,73.1155,16.4965,22.6565,72.9283,6.01128,25.5527,72.8549,-4.42318,27.7165,72.7717,-14.8584,28.7461,72.5852,-25.0429,28.8255,72.3107,-34.9758,28.1203,72.2141,-45.1727,26.4277,72.025,-54.8049,23.7131,,,
73.4029,288.18,45.9023,73.3341,266.021,48.1639,73.0423,249.293,49.1974,73.4292,228.574,49.4504,73.141,212.509,48.7491,73.4784,193.128,47.8993,73.581,175.392,45.9435,73.4734,158.261,42.9975,73.7238,141.112,39.5247,73.7661,124.594,35.3131,73.6225,108.642,30.1348,73.6324,92.7672,24.619,73.4637,76.9178,17.9471,73.4326,61.283,10.9042,73.377,45.4736,3.69172,73.4233,32.9908,8.62527,73.2123,20.395,14.367,73.2436,7.92047,19.3812,73.0389,-4.01594,23.092,72.943,-15.802,25.8062,72.937,-27.6884,28.1253,72.9081,-39.3153,29.0859,72.8551,-51.2285,29.4039,,,,,,,,,,,,
72.9238,308.201,43.0327,72.8808,285.5,45.8204,72.5928,267.436,46.7244,72.3236,249.472,47.5304,71.8382,231.829,47.0961,71.6024,213.551,45.9618,71.1706,196.624,44.307,70.9662,179.285,41.7148,70.7665,162.469,37.9531,70.3942,146.058,34.1473,70.2173,129.507,29.2074,69.8627,114.661,23.1017,69.7373,94.6186,18.7017,69.4146,79.2389,11.5503,69.2609,64.9433,5.02336,68.8534,52.5974,11.5312,68.6228,40.5714,16.9354,68.4218,28.4789,21.2901,68.2462,16.7837,24.8187,67.9691,5.65785,27.0493,67.8491,-6.14945,28.6952,67.6321,-17.3392,29.0636,67.3357,-27.9805,28.474,67.0722,-39.0088,26.6318,66.9265,-49.6867,24.5065,66.6337,-60.4736,21.3376,,,
73.4442,302.326,43.9459,73.6262,278.842,46.8652,73.5564,259.944,48.6522,73.9443,241.655,48.5927,74.0705,223.712,48.0574,73.9632,206.153,46.8949,74.2647,189.154,44.7392,74.1366,172.519,41.957,74.1945,156.39,38.0219,74.0535,140.633,33.6676,74.0803,124.688,28.7706,73.7512,109.139,22.9462,73.592,94.0745,16.4534,73.423,79.3984,8.91298,73.2696,65.3129,3.81971,73.2137,53.1901,10.1152,73.0178,41.2729,15.375,72.8293,29.6158,19.4332,72.772,18.3383,22.8036,72.7059,7.311,24.8811,72.6341,-3.42173,26.0823,72.6543,-14.3414,26.357,72.6573,-24.9032,25.8367,72.6337,-35.6566,24.0596,72.597,-45.8052,21.8028,72.4509,-55.8523,18.2061,,,
73.4579,306.69,43.5288,73.4041,288.122,46.1661,73.8267,265.984,48.6513,73.7532,249.303,49.658,74.1252,231.782,49.7978,74.448,212.606,49.802,74.5423,196.884,48.2153,74.8068,179.763,46.035,74.8462,163.12,43.2468,75.2248,145.651,39.8777,75.2178,130.12,35.4011,75.1896,114.427,30.4347,75.6204,98.2625,24.7243,75.5419,83.5984,17.9297,75.8767,68.0692,10.7158,75.8802,53.4628,2.84491,76.2137,41.0034,9.49715,76.2366,28.9558,15.4813,76.1802,14.7035,22.0776,76.2644,3.32297,26.0378,76.4027,-8.38635,28.5103,76.5993,-19.618,30.5078,76.5605,-30.4183,31.2917,76.7435,-41.3218,31.4129,76.7811,-52.0591,30.5595,,,,,,
73.1757,300.846,44.1798,72.8726,281.472,46.2053,72.5886,262.372,47.7883,72.5526,243.731,48.2571,72.2911,227.585,47.8379,72.2533,204.849,47.5834,72.2149,189.583,45.4993,72.157,171.314,41.4438,72.1032,155.166,37.7603,72.2219,138.102,33.4345,72.1435,122.884,27.8792,72.2268,108.084,21.9015,72.2846,92.5342,15.3303,72.471,77.4998,7.72387,72.9684,63.4423,5.21204,73.3499,51.2541,11.814,73.8117,39.0697,17.5975,74.3372,27.3218,22.2051,74.6784,16.2278,25.6882,75.0719,4.92409,28.2316,75.4056,-5.98307,29.7266,75.8758,-16.9242,30.229,76.2689,-27.6251,30.0257,76.6787,-38.1092,28.7681,77.0087,-48.44,26.4139,77.4078,-58.9566,23.3859,,,
73.6814,293.675,45.5535,73.8547,272.212,48.4024,74.0133,253.934,49.6138,74.1514,235.993,50.2249,74.4885,218.493,49.8539,74.5789,201.366,49.0583,74.6563,185.582,46.8926,74.6977,167.694,44.3953,74.9166,151.263,41.1675,75.2767,134.735,37.2709,75.2553,119.339,32.3327,75.542,103.905,26.6079,75.7808,88.4515,20.4347,75.9793,73.5246,13.4134,76.1233,58.193,5.93176,76.3035,45.6291,7.45192,76.4662,33.6422,14.5458,76.4252,20.185,21.44,76.7348,8.51639,26.5241,76.8872,-2.36853,30.4633,77.1883,-13.3791,32.3763,77.3388,-23.8193,33.9992,77.519,-34.3515,34.8281,77.6503,-44.4882,34.2912,77.8666,-54.8868,33.1744,,,,,,
72.9138,302.281,43.9579,72.6232,282.695,46.518,72.1049,263.467,48.0995,71.6214,246.915,48.6659,71.3941,228.41,48.3756,70.7502,210.272,47.6646,70.1484,193.54,45.9778,69.592,176.33,43.5785,68.8665,161.128,39.8575,68.6401,138.464,37.2808,67.8457,122.943,32.6052,67.2421,106.58,24.05,66.5383,91.8406,17.8886,65.8723,76.8704,10.2513,65.4166,61.9308,3.07727,64.7872,50.432,9.97252,64.4018,38.4193,16.5406,63.9468,26.6554,21.8002,63.5482,15.572,26.1217,62.9692,4.91462,29.109,62.6141,-6.19629,31.6331,62.2106,-17.0322,32.9228,61.6538,-27.2152,33.0785,61.2108,-37.7211,32.632,60.8112,-47.7825,31.0323,60.4973,-58.1233,28.529,,,
72.9039,296.499,44.8617,72.8649,276.112,47.3034,72.5845,257.409,48.83,72.5504,239.125,49.4895,72.5124,221.249,49.3911,72.2588,204.738,48.4568,72.4239,185.976,47.2439,72.1771,169.506,44.816,72.1264,153.533,41.4185,72.0685,137.306,37.3645,71.8301,120.904,32.6211,71.5995,105.662,27.282,71.5311,90.3712,21.2812,71.2975,75.0098,14.4772,71.207,60.1867,6.78708,71.3198,46.5908,5.77374,71.0977,35.1127,11.6617,71.0169,23.5927,16.4566,70.9409,12.119,20.4303,70.7509,1.22405,23.0698,70.5779,-9.82764,25.08,70.4413,-23.0487,27.5275,70.3781,-33.5174,27.4013,70.1444,-44.1812,26.8723,69.7922,-54.4583,22.4537,,,,,,
73.6697,290.987,45.4596,73.3412,268.553,47.7597,73.2818,250.495,48.9986,73.2192,232.77,49.413,73.1433,212.46,49.191,72.8653,195.709,47.8271,72.7958,177.704,45.8729,72.3412,161.044,42.9583,72.0951,143.497,39.5034,72.0358,122.879,36.5206,71.9642,107.034,31.1725,72.0223,90.0738,23.2387,71.7715,74.8017,16.529,71.664,59.6137,8.98009,71.7105,44.8696,3.71471,71.5952,32.4076,9.54153,71.7333,20.1765,14.4991,71.7329,8.12097,18.6316,71.8302,-3.92055,21.689,71.6984,-15.2587,23.5017,71.7621,-26.8869,24.6337,71.71,-38.2058,24.648,71.7302,-49.4561,23.8714,71.7235,-60.4922,22.0871,,,,,,,,,
73.181,303.836,43.449,73.1312,284.264,45.5073,73.319,263.837,46.817,73.2531,245.096,47.322,73.1873,227.858,46.8824,73.3269,209.036,45.7102,73.4531,192.63,43.6234,73.7473,174.113,41.2067,74.0168,158.648,37.2785,74.4223,141.432,33.0715,74.7913,126.166,27.7695,75.1101,110.689,21.8742,75.5356,94.6239,15.7052,75.9033,79.1298,8.32866,76.2457,64.9239,4.30702,76.4532,52.5767,10.0657,76.8726,39.8909,15.2648,77.1062,27.9349,19.0931,77.2933,16.3521,21.8897,77.527,4.34062,23.9754,77.6191,-6.7073,24.9294,77.7613,-17.8501,24.8857,78.0225,-29.2975,24.3499,78.2304,-40.1148,22.5139,78.1884,-52.7182,21.2655,,,,,,
73.1499,289.482,45.9561,72.604,269.694,47.8297,72.0989,251.469,49.0862,72.0803,232.618,49.2232,71.4052,215.123,48.9482,70.9874,197.16,47.7774,70.6001,178.898,45.8487,70.0448,162.029,43.1468,69.5297,144.955,39.5402,69.2388,127.208,35.7125,68.8315,107.272,31.9923,68.5176,95.5377,24.8835,68.3289,75.8304,20.2262,67.9316,61.307,12.8596,67.6719,46.2199,3.20101,67.532,33.903,9.97051,67.2853,21.9214,15.2805,67.2048,9.84388,19.9701,66.9117,-1.55528,23.3888,66.7792,-13.1937,26.1046,66.5652,-24.3799,27.5934,66.2858,-35.1434,28.0795,66.1428,-45.9597,27.8741,65.8653,-56.7446,26.7051,,,,,,,,,
73.4525,305.267,43.4862,73.4018,288.238,45.6384,73.3178,261.134,48.4631,73.4848,241.421,49.7895,73.4132,224.421,49.7179,73.5437,206.924,47.8266,73.4492,188.866,46.2505,73.355,172.246,43.6204,73.6323,155.415,40.3849,73.559,139.673,44.1182,73.6924,139.109,36.1349,74.079,122.778,31.5132,74.0843,106.938,25.9675,74.3912,91.7188,19.566,74.4915,75.9578,12.8902,74.5581,60.748,5.02926,74.8222,48.0215,7.65037,74.8106,36.3243,13.6551,74.8993,24.3171,18.6896,75.0773,12.5501,23.0612,75.1057,1.19645,26.169,75.3124,-10.1517,28.1884,75.3783,-21.0123,29.4139,75.6806,-31.9426,29.6711,75.966,-40.966,27.5704,76.0817,-53.4128,27.4499,,,
73.4459,303.917,43.1702,73.3878,284.24,45.7619,73.5634,263.872,46.8091,73.9456,242.939,47.4495,73.8454,223.733,47.6106,73.9567,205.238,46.6394,74.2428,185.64,45.2475,74.3071,168.509,42.6431,74.9019,150.612,39.0417,75.0751,133.385,35.0619,75.3889,116.905,30.2097,75.7998,99.4252,24.8373,76.3019,82.3588,19.0725,76.5952,66.5366,12.2022,76.6953,51.299,4.41484,77.0643,37.2071,7.54545,77.3063,21.3469,15.2078,77.6571,8.55329,20.4313,77.9324,-3.75029,24.4965,78.4198,-16.3051,26.7462,78.8028,-28.3219,28.7908,79.0895,-39.9221,29.8462,79.4397,-51.3998,29.859,,,,,,,,,,,,
73.4255,296.664,44.3119,73.8703,277.696,46.2956,74.2652,257.847,47.5482,74.6107,237.444,48.1492,74.7084,219.847,47.4118,74.957,197.101,46.9124,75.3985,179.131,45.1505,75.7851,161.922,40.5838,75.9446,145.205,36.5927,76.2364,127.796,32.7614,76.3254,111.702,27.7423,76.3791,95.6352,21.873,76.7092,79.77,15.441,76.839,64.4572,7.95573,77.1037,50.5903,4.45572,77.4598,36.9206,10.6729,77.634,24.2143,15.5102,77.9841,11.5696,19.4643,78.1472,-0.754874,22.3334,78.4395,-13.2875,24.6276,78.577,-24.9555,25.475,78.8175,-36.7618,25.2954,78.7283,-48.0585,24.7896,78.8799,-59.75,23.2506,,,,,,,,,
73.4255,296.67,44.311,73.363,276.318,46.5202,73.5417,257.748,47.5712,73.2374,239.409,48.2868,73.1663,220.535,47.9654,73.0946,203.214,46.6046,73.0172,185.444,44.6839,73.1287,167.497,42.0889,72.8487,150.878,38.6143,72.7541,133.471,34.5084,72.6559,117.383,29.5553,72.5499,101.27,24.0626,72.4348,85.2218,17.9971,72.3102,70.2456,10.9287,72.171,55.2741,3.08256,72.2936,42.2995,8.57251,72.276,29.5274,14.3709,72.2509,16.9906,19.1929,72.3309,5.0513,22.7545,72.2821,-6.91572,25.461,72.4198,-21.4444,28.9095,72.3253,-32.7395,27.8461,72.4088,-44.0605,27.6898,72.3735,-55.3705,26.437,,,,,,,,,
72.8902,291.031,44.9469,72.8439,268.646,47.0154,72.7983,249.493,47.7576,72.5248,231.835,47.7687,72.2652,213.515,47.2709,72.4333,194.928,45.6825,72.18,176.918,43.4283,71.9382,160.315,40.2138,71.8933,138.642,37.7594,71.836,122.187,33.1442,71.7518,105.673,25.7098,71.6718,90.3306,19.2613,71.7345,74.5429,12.5253,71.7684,59.315,4.78273,72.0247,45.3533,7.47958,72.1566,33.0644,13.4286,72.2659,20.5926,18.6851,72.4683,8.71348,22.7356,72.6349,-3.16946,25.945,72.7654,-14.5618,27.6495,73.0585,-26.096,29.238,73.2016,-37.5074,29.558,73.5517,-48.8764,29.0801,73.6763,-59.5749,27.4243,,,,,,,,,
73.1569,293.803,44.7648,73.3533,273.809,46.4259,73.5264,254.259,47.4312,73.6726,234.133,47.8135,73.5932,218.781,46.5121,73.7035,198.814,45.5385,73.8001,181.467,43.0522,73.6893,165.376,39.9999,73.7536,148.27,36.3987,73.6232,132.397,31.6631,73.6527,115.789,26.4682,73.8217,99.2771,20.4167,73.8062,83.8868,13.7936,73.9226,69.4763,5.81718,74.0701,55.7834,6.48679,74.3672,43.0651,12.7019,74.4944,31.1244,17.8279,74.593,19.5702,21.9008,74.7799,8.41467,24.8027,75.0216,-3.37153,27.1298,75.122,-14.2504,28.0301,75.3726,-25.2874,28.281,75.5616,-36.2804,27.564,75.721,-49.1217,27.5338,75.8811,-59.3535,24.7085,,,,,,
73.6443,284.215,46.0164,73.3342,267.433,47.2065,73.5046,248.423,47.9295,73.4264,229.849,47.8805,73.3484,212.783,46.7426,73.4683,194.295,44.9609,73.5684,176.451,42.5077,73.8392,159.282,39.0767,73.8895,141.946,35.3865,74.0951,125.33,30.5825,74.0989,109.269,24.8458,74.2185,90.0997,20.1715,74.3244,74.4651,13.359,74.5443,59.4364,5.66516,74.9396,45.8303,10.1245,75.0309,32.971,16.3386,75.0951,20.6764,21.342,75.1355,8.92596,25.307,75.248,-3.06992,28.4252,75.2268,-14.4843,30.5879,75.2704,-25.9553,31.8721,75.2813,-37.0515,32.059,75.3379,-48.0789,31.3822,75.2673,-59.0421,29.8506,,,,,,,,,
73.3905,285.665,45.2821,73.5741,266.308,46.8984,73.9599,246.432,46.6207,74.0765,225.971,46.538,74.182,208.305,44.9769,74.4708,190.223,43.0654,74.5256,172.707,40.3084,74.758,156.6,36.217,74.9347,138.121,32.4683,75.0984,122.41,27.2693,75.3785,105.462,21.5395,75.3152,90.7183,14.6311,75.8178,74.1,7.85756,76.0052,59.8517,4.80301,76.3289,46.3965,11.0544,76.4805,34.168,15.8766,76.8286,21.7921,19.9464,77.217,9.36857,22.994,77.5384,-2.46621,25.0228,77.886,-14.237,26.0117,78.151,-25.8525,26.2652,78.6142,-35.3407,23.8929,78.8101,-48.2623,23.7116,79.075,-59.3938,21.0723,,,,,,,,,
74.401,283.096,45.4288,74.5407,264.033,46.5309,74.9024,246.523,46.8307,75.6496,226.237,46.2512,75.9097,208.575,45.1253,76.529,189.71,43.1526,76.9062,173.193,40.1768,77.394,154.91,36.8067,78.0044,137.473,32.8055,78.5589,121.397,27.7301,79.0215,104.723,21.9381,79.4235,88.7528,15.7067,80.0456,72.5179,8.69117,80.3402,58.5412,4.75676,80.4823,43.4833,12.2892,80.8898,30.8126,17.7792,81.3292,18.358,21.639,81.6729,6.24491,24.8405,81.8361,-5.31758,27.0274,82.1265,-16.7697,28.1367,82.3227,-28.063,28.4889,82.9273,-39.3698,29.652,82.7133,-50.2023,26.2584,,,,,,,,,,,,
72.3736,290.91,45.2274,71.8568,271.047,46.8837,71.6187,249.253,48.2785,70.7201,228.279,48.6292,70.1098,209.154,48.0919,69.3182,191.673,44.8993,68.5977,174.527,42.3699,68.1315,156.381,38.8563,67.5252,138.871,35.139,66.9577,122.011,30.186,66.4241,105.721,24.1726,65.7778,89.9411,18.2768,65.3541,73.2162,11.6731,64.7645,58.4241,3.51375,64.6028,45.051,8.32212,64.2435,32.6154,14.1723,63.8302,20.1967,18.9752,63.3498,8.46541,22.4421,62.979,-3.65722,25.332,62.3366,-14.962,26.8248,61.8356,-26.731,27.7584,61.4085,-37.9855,27.6879,60.8113,-49.1136,26.6794,60.2145,-59.9252,24.4756,,,,,,,,,
72.9124,302.352,43.6843,72.8731,284.355,44.9888,73.0653,261.468,46.4825,73.0075,242.962,46.5251,73.3869,222.856,45.9908,73.0892,205.343,44.2675,73.2141,187.442,41.9974,73.12,170.089,38.715,73.0175,152.534,34.5461,72.9171,136.286,30.1924,72.803,119.262,24.8283,72.8468,102.36,18.9664,73.0264,85.6799,12.7306,72.4155,71.8089,4.58189,72.6585,58.0535,7.63387,72.6283,44.992,14.0436,72.7221,32.4865,19.4581,72.6726,20.6951,23.3857,72.7155,5.90635,27.3792,72.5394,-5.36577,29.3071,72.568,-16.6156,30.3152,72.388,-27.3086,30.1991,72.3847,-38.5086,29.389,72.3601,-49.3937,27.6665,72.313,-59.7374,24.7696,,,,,,
73.1911,308.296,42.7495,72.8804,286.975,45.0786,72.5886,266.265,46.4269,72.3166,247.285,46.9595,72.0602,227.679,46.9249,71.8173,207.777,45.9633,71.7979,184.319,45.1306,71.5756,166.34,42.7556,71.3623,148.325,39.4457,71.1404,130.39,33.3563,70.7695,113.763,28.3821,70.5816,97.2499,22.8968,70.2383,80.8036,16.4179,70.0557,64.594,9.25705,69.8894,49.2077,3.18774,69.7558,35.5466,9.82772,69.5157,22.5215,15.4981,69.3059,9.81547,20.0952,69.1227,-2.52613,23.6567,68.8655,-14.7457,26.3963,68.6397,-26.5238,28.1099,68.4477,-38.2595,28.9506,68.2828,-49.8681,28.8554,68.1304,-61.0072,27.6822,,,,,,,,,
73.1653,298.143,43.8211,72.8614,279.07,45.3343,72.8128,259.147,45.9063,72.5315,239.634,46.1801,72.7049,218.746,45.6435,72.2228,201.49,43.7505,72.1773,183.825,41.3341,72.3182,164.368,38.472,72.0659,147.922,34.4049,72.0004,130.656,29.9617,71.9236,114.053,24.3591,71.8413,97.5019,18.6508,71.9019,81.1242,12.0793,71.7851,66.2533,4.20908,71.773,52.0345,7.7154,71.7884,38.6991,13.8292,71.6689,25.8891,18.765,71.6755,13.4019,22.9204,71.5595,1.13613,25.8625,71.5524,-10.9867,27.9816,71.4488,-25.4136,30.7143,71.2452,-36.9362,30.8803,71.1386,-48.4809,30.4164,71.2098,-57.6382,36.8894,,,,,,,,,
72.8888,291.084,44.6817,72.1018,271.171,46.3688,71.8496,250.584,47.3487,71.1509,233.908,46.7371,70.7252,215.384,45.8467,70.5445,195.589,44.3099,69.9606,179.072,41.5673,69.6126,161.414,37.8241,69.2945,144.329,34.2349,68.9901,127.831,29.5295,68.6898,112.465,23.6613,68.4176,96.3768,17.7133,68.1548,80.3,10.7759,67.7419,65.2021,3.10291,67.6983,51.9505,9.20548,67.5395,39.5515,15.0784,67.2877,27.1519,20.1345,66.9424,15.4478,23.9095,66.6461,3.83082,26.7466,66.288,-7.6941,28.5912,65.9815,-19.011,29.5878,65.7365,-30.4903,29.9405,65.0047,-41.2596,26.7393,64.8866,-51.872,26.9933,,,,,,,,,
73.6963,299.632,43.581,74.1322,280.49,45.3448,75.0033,260.509,46.3818,75.5588,241.085,46.5936,76.2682,221.263,46.033,76.9276,204.094,44.4762,77.4961,185.592,42.7613,78.0149,168.648,39.6013,78.6504,151.54,36.0969,79.3816,134.443,31.773,80.189,117.468,26.7727,81.0729,101.27,21.0297,81.7034,85.6767,14.3523,82.4076,67.0927,8.64667,83.1288,53.1191,7.0747,83.845,40.4137,13.613,84.3855,27.2273,19.0965,84.8626,15.3565,23.2557,84.256,6.41773,27.7693,85.3254,3.48907,26.3703,85.8557,-8.44169,28.6925,86.4311,-20.2927,30.1325,86.9928,-31.4346,30.4311,87.4479,-42.8746,29.7022,88.0479,-54.1947,28.6217,,,,,,
73.8999,285.88,44.4808,74.0646,267.959,44.9106,74.6768,249.064,44.9855,75.0018,230.621,44.104,75.4999,211.67,42.7894,75.9431,193.398,40.2906,76.3365,175.729,37.1739,76.8538,157.165,33.7114,77.1604,141.475,29.246,77.4033,124.906,24.0881,77.7771,108.966,18.1535,78.2264,91.9884,12.0234,78.1937,77.5686,4.07378,78.564,62.6904,7.62906,78.7669,49.8128,12.7541,78.9218,37.3425,16.9164,79.0104,24.6012,20.1695,79.1689,12.0994,22.3369,79.0782,0.598655,23.4569,79.1396,-11.4337,23.7727,79.2437,-23.3241,23.3052,79.2172,-34.5395,21.6941,79.299,-45.9884,19.2414,79.2294,-57.292,16.0065,,,,,,,,,
73.1843,305.312,43.2175,72.8768,285.659,45.034,72.831,265.082,46.3747,72.0795,246.127,46.9243,71.605,228.736,46.2899,71.5963,208.787,45.125,70.9565,192.199,42.8987,70.5616,175.13,40.2035,70.191,157.773,36.5538,69.8461,140.274,32.3,69.7,122.832,27.5549,69.3787,106.62,21.5487,68.7444,91.368,14.7844,68.6251,74.6689,7.67354,68.41,60.4155,5.08917,68.197,47.1598,10.9142,68.2108,30.8839,17.5819,67.9197,18.8183,21.1312,67.6409,7.29306,22.631,67.5388,-5.07783,24.3586,67.3386,-16.7258,24.896,67.2712,-28.4914,24.8219,67.1199,-40.0002,23.7188,66.884,-50.95,21.3983,,,,,,,,,
73.1499,292.567,44.1867,72.8464,272.655,45.6273,72.7969,252.022,46.3885,72.7462,233.173,46.1683,72.471,213.793,45.2527,72.6199,189.758,44.4246,72.3478,172.249,40.2316,72.2816,155.275,36.1823,72.2104,136.748,32.3132,71.959,120.294,27.228,72.2089,101.684,22.1866,71.7907,86.479,15.6533,71.8374,69.9299,8.6075,71.7476,54.7702,4.14097,71.6347,41.4968,10.949,71.5298,28.7993,16.7426,71.67,15.7964,21.6943,71.6734,3.4399,25.5188,71.6649,-8.32927,28.0496,71.6485,-20.4089,29.9989,71.7129,-32.1876,30.9326,72.4535,-44.5672,32.9997,71.5252,-55.6205,30.0441,,,,,,,,,,,,
73.4501,305.399,42.9368,73.6399,284.439,44.9683,73.8146,266.551,45.636,73.9641,247.639,46.1798,74.3112,228.198,45.6845,74.4097,210.313,44.589,74.6832,191.177,42.6571,74.9213,172.806,40.0816,74.7588,156.594,36.4132,74.9473,139.503,32.0872,74.9299,123,27.0892,75.0585,106.536,21.523,75.1509,90.1642,15.3654,75.36,73.9909,8.41182,75.5544,59.2144,4.31009,75.7689,45.8281,11.3376,75.8216,33.6473,16.5729,75.9559,21.006,21.4406,75.8984,6.9682,26.1738,75.8549,-4.8722,29.0127,76.074,-16.9832,29.4616,75.9735,-28.0216,29.7248,76.0188,-39.2426,29.3192,76.0085,-50.6266,27.9387,,,,,,,,,
73.9291,292.699,43.9006,74.5832,271.646,45.2817,75.1889,253.613,45.6215,75.947,233.713,45.5862,76.8347,213.632,44.3672,77.4476,196.138,42.4479,78.3713,177.564,39.9916,79.1354,156.752,37.3058,79.8726,139.938,33.2382,81.0088,121.97,26.2593,82.0199,104.868,20.4522,82.9411,89.0846,14.0034,83.8746,72.9936,6.94332,84.86,59.0544,5.75441,85.6409,45.7414,11.5934,86.4233,33.0674,16.4742,87.1814,20.6269,20.0328,87.9075,8.51742,22.6972,88.5982,-3.22749,24.4814,89.3371,-14.8526,25.0985,90.0566,-26.6331,25.0886,90.7882,-38.0469,24.2567,91.5239,-49.19,22.1505,92.1595,-60.5474,19.4715,,,,,,,,,
73.189,306.73,43.2602,73.1405,288.391,44.8509,72.8373,268.88,45.7517,72.5521,248.523,46.5121,72.2841,227.748,46.6856,71.8136,208.809,45.3349,71.5834,191.386,43.4778,71.3614,173.642,40.5297,71.1477,155.729,36.6619,70.952,137.778,33.1616,70.7547,120.586,28.0532,70.729,103.543,22.4258,70.5336,87.1575,16.2467,70.1874,70.8669,9.35746,70.1574,55.4588,3.3304,69.9922,42.3393,9.48507,69.8461,29.3463,14.6311,69.7145,16.8985,18.726,69.4826,4.60795,21.7438,69.3863,-7.61065,23.9455,69.0963,-19.3318,25.1731,68.9311,-30.932,25.3997,68.6977,-42.3717,24.9729,68.5589,-53.5006,23.2084,,,,,,,,,
74.3417,272.867,45.3312,74.7036,252.32,46.0834,75.0323,233.516,46.0862,75.3217,215.309,44.7203,75.5677,196.669,42.9907,75.7797,178.704,40.3723,75.7667,161.344,36.8005,75.9,142.478,33.3418,75.6849,127.039,28.4162,75.6065,109.651,22.7557,75.2592,94.5009,27.8787,75.2075,94.0152,16.6335,75.1182,77.557,11.3715,74.8267,59.0322,5.05253,74.3915,45.7057,10.8016,73.9911,32.9021,15.8069,73.6123,19.9035,19.7083,73.1475,7.45178,22.6203,72.6134,-4.49367,24.5928,72.1213,-16.6779,25.6336,71.6729,-28.4705,25.8726,71.171,-40.1522,25.1636,70.7108,-51.8308,23.4825,,,,,,,,,,,,
73.4072,291.134,44.669,73.0892,267.361,47.4645,73.0349,248.288,48.4253,72.7461,229.775,47.6743,72.4761,210.648,47.1465,72.4269,192.251,45.5866,72.1754,174.451,43.3553,71.9359,156.508,40.5274,71.8853,140.027,36.4701,71.6565,122.752,32.2641,71.6,106.245,27.2656,71.5287,91.4307,20.8908,71.4506,74.5791,14.6561,71.5017,58.9744,7.36423,71.4494,44.9222,5.23939,71.3502,31.7542,11.2039,71.2556,19.168,16.0104,71.1671,6.56442,20.014,71.1886,-5.6402,22.9244,71.0974,-17.7498,24.8904,70.9098,-29.2842,25.7398,70.8259,-40.9256,26.0253,70.7325,-52.3649,25.008,,,,,,,,,,,,
73.4231,296.793,43.7719,73.6042,275.292,45.4393,73.7737,258.18,45.3384,73.9043,236.62,45.7756,73.8009,218.049,44.6581,73.9074,200.048,42.7446,74.1778,179.182,40.8929,74.2314,161.752,37.3058,74.2647,144.191,33.6555,74.4549,127.369,28.6962,74.6034,109.98,23.5423,74.72,93.3623,17.5756,74.9545,76.9805,10.951,75.1437,61.264,3.30768,75.3767,47.5248,9.12836,75.6981,34.1971,15.2905,75.8471,21.8073,20.2218,76.0039,6.64384,25.704,76.3687,-5.63435,27.9731,76.7524,-17.8047,29.9232,76.9638,-29.4879,30.9355,77.1846,-41.2152,31.0314,77.327,-52.7367,30.1702,,,,,,,,,,,,
73.9545,298.211,43.8029,73.8673,277.855,45.5209,74.0212,257.95,46.815,74.3763,237.586,46.98,74.4304,212.004,46.6596,74.5113,194.472,45.1252,74.563,175.782,43.2469,74.5963,157.892,40.176,74.9655,139.411,36.7883,74.9446,122.374,32.163,75.0628,104.929,27.1418,75.1585,88.8309,21.3095,75.0624,72.3782,15.0538,75.089,56.2565,7.99563,75.1192,41.6577,4.14535,75.0416,27.5333,10.2224,74.8441,14.7879,14.7933,74.6383,1.81273,18.5106,74.3322,-10.4866,21.0902,74.1301,-22.985,22.9096,73.9232,-35.3328,23.8243,73.6323,-47.097,23.9126,73.3448,-58.5803,22.7181,,,,,,,,,,,,
72.916,305.361,42.9478,72.6221,287,44.8223,72.3421,267.545,45.9753,72.0779,248.487,46.2875,71.6037,229.802,46.0988,71.1569,212.638,44.6099,71.1586,194.957,42.5382,70.7688,173.501,40.7681,70.7721,155.625,37.0791,70.5837,139.072,32.8105,70.2257,122.988,27.8658,70.2178,106.891,21.9769,70.0344,91.8241,15.4554,69.8516,76.1389,8.18252,69.8701,62.3708,5.42993,69.8493,49.5143,11.2917,69.8275,37.4209,16.091,69.804,25.6297,19.7476,69.6638,13.7978,22.4739,69.6519,2.15551,24.5877,69.524,-8.91306,25.409,69.4156,-20.7977,25.6023,69.2902,-30.9754,24.3238,69.1869,-41.9789,22.8913,68.8962,-52.2807,19.8765,,,
72.8851,289.753,44.6366,72.3472,271.301,45.8525,72.0823,251.927,46.4112,71.8312,233.057,45.9696,71.3756,215.618,44.9185,70.9356,197.765,41.3251,70.7356,180.309,38.4251,70.3434,164.106,34.3907,70.1633,147.563,29.9102,69.9875,130.807,24.5444,69.8436,110.939,19.8695,69.6748,94.9547,13.37,69.5011,79.4762,6.02821,69.2954,66.1374,8.22939,69.0204,54.2138,14.3442,69.0586,41.4608,20.0369,68.8281,30.0878,24.2836,68.6242,18.6237,27.4934,68.5651,6.96441,30.0335,68.3972,-4.10579,31.3218,68.3527,-15.279,31.7817,68.2111,-26.138,31.1779,68.0822,-36.8336,29.7996,67.9668,-47.7524,27.5212,67.7492,-57.7734,23.8843,,,
73.3932,287.089,44.801,73.575,267.703,45.9378,73.9651,247.599,46.4214,74.0923,229.175,45.962,74.4173,211.254,44.8438,74.6975,192.952,42.708,74.9437,175.255,40.1345,75.3392,157.466,36.5811,75.3373,141.678,32.4299,75.647,125.093,24.7827,75.7525,109.017,18.8711,75.8279,93.46,11.8055,75.8678,77.8786,4.29589,76.2187,63.2027,6.11042,76.2273,47.8421,13.7115,76.2552,35.5179,18.6859,76.4952,23.0884,23.1294,76.6869,11.1524,26.2255,76.9327,-0.751026,28.6536,77.2239,-12.3311,29.9587,77.3522,-23.6291,30.3733,77.6159,-34.5887,29.626,77.8648,-46.0198,28.5088,77.9663,-56.9527,26.1592,,,,,,
73.4283,298.166,43.815,72.8636,280.417,45.117,72.5734,260.301,45.9566,72.5315,239.634,46.1801,72.2653,220.709,45.5058,72.227,201.426,44.4027,71.9785,182.868,42.1577,71.5468,166.535,38.9592,71.7013,147.805,35.3936,71.4748,131.175,30.9242,71.2548,115.109,25.8134,71.5284,98.0152,20.027,71.2942,82.0358,13.5617,71.3611,66.2824,6.66862,71.4818,52.2811,6.81107,71.504,39.9398,11.7301,71.643,26.9387,15.8477,71.7601,14.5119,19.156,71.9639,2.86776,21.0128,72.0255,-12.0361,23.7168,72.2595,-23.8192,24.0285,72.2594,-35.3961,23.1235,72.3246,-47.056,21.8193,72.4345,-58.0443,19.0759,,,,,,
72.8889,291.09,44.6808,72.3494,272.551,45.8962,72.0823,251.927,46.4112,71.6045,232.986,46.2121,71.3792,214.582,45.3331,71.1639,196.716,43.4447,71.1588,179.412,40.6668,70.7609,161.74,37.1448,70.5737,144.703,33.1737,70.2105,128.856,28.2932,70.0441,111.658,23.0242,69.7124,95.6531,16.9314,69.2293,80.6227,9.78165,68.9466,65.2244,3.905,68.6956,52.4212,10.2163,68.4802,39.5872,15.6413,68.0339,27.4251,19.8531,67.637,15.623,23.0199,67.18,3.85455,25.3462,66.638,-7.56062,25.1558,66.4026,-19.5583,25.4538,65.6968,-30.4613,24.4636,65.3759,-42.0363,23.0801,64.9691,-52.8267,19.955,,,,,,
73.4542,306.867,42.7059,73.397,288.458,44.5825,73.0858,268.856,45.9988,73.0262,248.541,46.7399,72.7359,226.696,47.3178,72.6777,206.942,46.3288,72.4119,188.825,44.4095,71.9644,171.245,42.0594,71.3501,154.971,38.2013,70.9653,136.387,34.4713,70.253,119.819,29.5531,69.5853,103.803,23.7443,68.6439,88.1867,17.3918,67.9293,72.1129,10.643,67.1041,57.4781,3.31429,66.5833,43.9651,10.3717,65.7259,31.9515,16.2198,65.0993,19.9609,20.8524,64.3417,7.99461,24.7403,63.6808,-3.55011,27.4629,63.0173,-14.9939,29.1552,63.7086,-26.989,35.9292,62.4575,-26.2034,30.074,61.7111,-37.1442,29.9666,61.0911,-48.0426,29.1161,60.474,-58.6429,27.1107
73.4096,291.022,45.2001,73.3497,272.51,46.6346,73.7611,253.099,47.6212,73.9013,234.175,47.8041,74.4585,215.877,47.0356,74.7388,197.283,44.3529,74.7978,180.938,41.3195,75.0206,163.423,37.8817,75.0331,147.204,33.8011,75.3797,130.864,28.9438,75.4953,113.809,23.509,75.703,94.2433,18.784,75.9038,78.3463,12.2,75.7878,64.2982,4.11876,75.601,52.2785,9.90517,75.9976,51.0538,8.93641,76.1746,38.4356,14.6537,76.3068,25.9821,19.6482,76.41,14.3166,23.1985,76.4756,2.83537,26.0408,76.6111,-8.44195,27.7062,76.8826,-20.0831,28.6293,77.0028,-31.1992,28.543,77.157,-42.158,27.5515,77.1657,-52.9904,25.7273,,,
73.162,296.708,44.0477,72.857,276.43,45.7601,72.8232,256.277,49.0104,72.3315,258.999,46.4165,71.8362,239.527,46.2052,71.1527,222.574,45.3947,70.7313,204.025,43.6896,69.9266,186.818,41.3323,69.1691,170.861,37.7704,68.6662,153.717,33.8952,68.0174,137.037,29.4619,67.3959,121.495,23.6177,66.8179,106.314,17.5987,66.3104,89.2852,11.1523,65.6373,74.8569,3.57255,65.1143,61.8952,10.3861,64.5236,49.6355,16.6379,63.8772,37.5526,21.5948,63.1639,26.3694,25.2458,62.6026,14.1642,28.6381,61.8726,2.81368,30.6687,60.7527,-7.91408,30.1935,60.0373,-19.189,29.9818,59.2033,-29.8322,28.7358,58.54,-41.0343,26.865,57.9832,-52.0873,24.1295
73.4377,300.991,43.6309,73.1239,281.619,45.6764,73.3131,264.061,45.5658,73.2493,246.483,45.6812,73.178,228.106,45.0346,73.3177,210.278,43.0826,73.2335,193.741,40.6647,73.1396,176.716,37.1784,73.2184,154.817,34.7354,72.9262,138.356,30.1683,72.817,122.436,24.7289,72.5347,107.518,18.5386,72.4165,91.3669,12.3279,71.9771,76.6578,4.71853,71.8203,63.7807,8.80454,71.4158,51.652,14.4199,71.0495,39.403,19.3638,70.8399,27.1652,23.1437,70.5246,15.5593,25.6624,70.351,4.06553,27.4643,70.0788,-7.16248,28.0241,69.7295,-18.5832,27.7054,69.4128,-29.7841,26.7368,69.1232,-40.9853,24.9275,68.7511,-51.6282,21.5084,,,
73.1903,306.669,43.5346,72.8808,285.5,45.8204,72.597,267.302,47.4786,72.7964,248.33,47.9516,72.2969,230.722,47.9647,71.8259,214.494,46.6583,71.3829,198.454,44.7854,70.9708,180.918,42.5842,70.7757,163.969,39.3691,70.4007,147.475,35.3007,70.0406,132.126,30.2945,69.7036,116.498,25.0226,69.3686,101.852,18.3051,69.224,85.9928,11.9564,68.8992,72.0272,3.84355,68.9113,59.5467,9.19875,68.8023,47.3429,14.7784,68.5733,35.7512,19.3696,68.3562,24.28,22.0827,68.1618,13.4184,24.2604,68.0029,1.92985,25.8516,67.8543,-9.25572,26.2185,67.7197,-20.3777,25.5931,67.6922,-31.311,24.2325,67.3857,-41.8905,21.7821,67.2605,-54.4033,19.7983
72.8916,290.961,45.2145,72.3546,273.689,46.4544,71.6085,255.284,46.8026,70.9164,237.112,46.6355,70.0552,219.232,46.0207,69.4631,201.845,43.9193,68.722,183.883,41.7659,68.0251,167.29,38.419,67.4605,145.231,35.7211,66.6878,129.802,30.9975,66.157,113.538,25.6551,65.4914,98.3016,19.8093,64.8848,82.3828,12.9767,64.441,67.9965,5.44237,64.11,54.0261,8.70722,63.5849,42.3328,14.663,63.2915,30.2234,20.08,63.046,18.4697,24.3084,62.7603,6.45086,27.7096,62.4035,-4.90762,29.8885,62.1147,-16.1206,31.1734,61.7781,-27.0007,31.4337,61.5428,-38.292,31.0283,61.1737,-49.0203,29.7155,60.9606,-59.8795,27.3286,,,
72.9202,305.164,43.7715,73.135,284.103,46.2916,73.0792,262.295,48.5199,73.0284,244.768,49.241,72.7491,227.476,49.1974,72.91,207.644,48.986,72.8446,190.425,47.1869,72.7741,172.856,44.8885,72.8846,155.957,41.2257,72.9727,138.225,37.4867,73.0424,121.875,32.8644,73.2504,105.001,27.4822,73.4052,89.2112,18.1401,73.6879,73.1121,10.8094,73.7763,57.1837,3.23347,74.208,44.0058,6.61059,74.4605,30.5404,12.965,74.6718,18.0806,17.9205,74.7977,3.21834,23.4618,75.0206,-8.77002,26.4716,75.2931,-20.3074,28.4366,75.4012,-32.03,29.836,75.7709,-41.6438,28.3492,75.8759,-54.7487,29.2468,,,,,,
72.929,311.213,42.5619,72.8818,286.912,45.3431,72.8287,261.21,47.7332,72.5513,243.773,48.0177,72.5093,223.458,48.1168,71.8233,205.765,46.988,71.5962,187.712,45.2628,70.9893,170.164,42.9036,70.4213,153.2,39.41,69.7088,137.405,35.3232,69.2339,119.525,30.7275,69.4021,102.404,35.8526,68.6037,104.099,24.6993,67.8746,87.9895,18.8299,67.1755,72.8826,11.4694,66.6821,57.3723,4.0163,66.2779,44.5561,9.16587,65.822,32.2085,14.7952,65.5555,19.9643,19.3496,65.2191,8.15446,23.1036,64.7119,-3.35566,25.638,64.2799,-14.708,27.2392,63.9267,-26.0609,28.0963,63.0978,-37.094,25.4697,62.6396,-48.3481,24.5603,61.9637,-58.9213,22.041
73.4413,300.811,44.4445,72.8753,281.369,46.7243,72.5914,262.285,48.2849,72.0901,245.863,48.6028,71.8456,227.42,48.5437,71.3884,210.532,46.3119,71.175,192.987,44.4083,70.9749,175.086,42.024,70.7753,158.591,38.103,70.4046,142.479,34.1486,70.0499,126.152,28.9182,69.9095,106.253,24.1341,69.429,91.1924,18.2766,69.1196,76.0552,11.072,68.6624,62.2303,3.2247,68.4315,49.6815,9.68076,68.2353,37.0929,15.2438,67.924,25.9171,19.624,67.6602,14.359,23.2634,67.3078,3.37276,25.7241,66.8939,-7.64101,27.2422,66.5228,-18.3527,27.7179,66.2149,-29.3537,27.7021,65.9345,-40.0242,26.5005,65.4168,-50.159,24.2737,,,
73.4442,302.326,43.9459,73.1344,282.638,47.0257,73.3271,263.521,48.563,73.5011,245.946,49.2748,73.6496,227.582,49.3945,73.5657,210.664,48.6462,73.8812,191.47,47.5939,73.7746,175.508,44.9175,73.661,159.127,41.6388,73.5393,141.797,38.2365,73.7572,124.599,33.6932,73.7801,108.667,28.5565,73.7827,93.2709,22.4064,73.6139,78.3321,15.7242,73.574,62.5179,8.56558,73.5643,49.0498,5.43083,73.4858,37.1368,11.4898,73.6462,24.9348,16.2957,73.6551,12.862,20.2756,73.7635,1.60152,23.0855,73.7353,-9.56178,24.8965,73.8847,-20.8911,25.957,73.8776,-33.8149,27.3452,73.953,-44.5294,26.5664,73.9123,-54.7603,24.4562,,,
73.1614,295.154,44.8109,73.1085,273.567,47.4562,72.8165,253.906,48.9193,72.5393,232.597,49.901,72.2808,214.228,49.5345,72.2442,195.53,48.4931,72.0028,177.492,46.526,71.775,160.871,43.9708,71.5535,144.048,40.3063,71.3411,127.154,36.0682,70.9676,111.453,31.2087,70.9323,95.2363,25.4738,70.7337,79.0957,19.2439,70.6746,64.539,11.8595,70.7499,48.3725,4.55283,70.8064,35.8838,9.19634,70.7573,23.7256,15.5522,70.8297,11.8345,20.9776,70.7765,0.40844,25.1389,70.7247,-10.7682,28.3394,70.5802,-22.1196,30.8895,70.537,-33.0543,32.4341,70.5774,-44.1474,33.04,70.4364,-54.5999,32.4682,,,,,,
72.8872,286.69,46.3948,72.1112,269.585,48.0965,72.099,249.121,49.4687,71.63,231.398,49.886,71.1893,214.085,49.1357,70.9857,197.187,47.5625,70.591,180.629,45.29,70.2029,164.536,40.4238,70.0414,147.323,36.4853,69.5199,131.945,31.6459,69.2049,116.342,26.335,68.9028,100.581,19.9957,68.6137,85.3061,13.2669,68.1746,70.3818,5.45379,68.0697,53.6529,6.95668,67.6201,41.8426,13.6654,67.348,30.3436,19.1327,66.9857,19.4345,23.6587,66.7914,8.20515,27.1619,66.4109,-2.74858,29.7979,66.0716,-13.4043,31.2368,65.6772,-23.7859,31.797,65.2516,-34.3374,31.4945,64.8695,-44.606,30.0877,64.4602,-54.7414,28.094,,,
73.6899,296.575,44.8425,74.3607,275.114,46.7033,74.9733,255.468,48.1699,75.5334,237.504,48.5887,76.2481,219.035,47.7642,76.8921,201.096,46.549,77.6734,183.779,44.574,78.5578,166.307,41.3198,79.1816,150.152,37.7811,80.228,132.629,33.5659,81.0117,116.471,28.5091,80.6718,105.441,31.9304,82.0224,100.449,22.7004,82.9082,84.5552,16.142,83.7397,70.2304,8.52493,84.6438,54.6399,5.04164,85.3244,42.5648,11.7938,85.9988,30.6144,17.5471,86.7371,18.3091,22.5556,87.8428,5.6446,26.2393,88.6009,-5.80459,28.7962,89.4174,-16.8612,30.1875,90.0319,-27.9455,30.8602,90.6978,-39.2377,30.7433,91.4115,-49.8304,29.5086,91.9297,-62.1141,28.6407
73.1531,290.879,45.7376,73.1023,269.615,48.5721,72.8118,250.304,49.739,72.7648,231.538,50.0774,72.2808,214.209,49.5378,71.8282,197.251,48.3805,71.6057,179.886,46.645,71.2018,162.243,44.0593,70.8365,141.729,41.4395,70.6588,125.027,37.3733,70.1449,110.03,32.1741,69.9887,93.8831,26.6255,69.8312,78.3523,20.3643,69.3623,64.1214,12.5412,69.2135,48.6931,5.02995,69.0767,36.3537,8.96811,68.8715,24.6894,15.2079,68.7003,12.8135,20.6156,68.4348,1.6719,24.8591,68.214,-9.80142,28.3017,68.0187,-20.7479,30.6808,67.7565,-31.4872,32.0327,67.5293,-42.1686,32.3692,67.2711,-53.2005,32.1616,,,,,,
73.421,293.646,45.5605,73.3639,274.8,47.7536,73.5412,255.037,49.6781,73.6994,236.966,50.5232,73.6193,220.324,50.2024,73.7401,202.112,49.351,74.0448,184.532,47.9214,74.3134,167.552,45.6074,74.5479,151.145,42.337,74.7446,134.595,38.4123,74.9176,119.263,33.7809,75.2017,103.216,25.9744,75.4596,88.3054,19.4808,76.0966,71.6225,13.2412,75.8265,58.0104,4.89864,76.1668,45.8732,6.24905,76.4679,33.8517,13.1316,76.7169,22.2997,19.0039,76.9597,8.38225,25.0552,77.3086,-2.75879,28.7266,77.6754,-14.0704,31.4853,77.8793,-24.8112,33.361,78.1096,-35.4056,34.2192,78.3476,-45.9942,34.0891,78.4297,-56.4242,32.9594,,,
73.1782,300.719,44.7228,72.8806,281.162,47.7603,73.0825,260.828,49.9553,72.8008,242.143,51.52,72.5363,226.07,51.6676,72.4979,207.247,51.8366,72.4527,189.159,50.7206,72.0136,173.242,48.7804,71.9759,156.276,46.135,71.5723,139.81,42.8205,71.3642,123.31,38.7206,70.8307,107.913,33.8453,70.6435,92.5244,28.0898,70.1572,77.0502,21.8443,69.6895,62.549,14.6706,69.2398,48.4476,6.87048,69.1873,34.9807,6.71305,68.8484,23.7009,13.0563,68.7976,11.941,18.6917,68.5211,1.11306,22.9016,68.2778,-9.62419,26.0637,68.0771,-20.6296,28.5858,67.5834,-30.9669,28.4904,67.434,-41.6858,28.3595,67.152,-52.2616,27.9565,,,
73.4549,305.135,44.0349,73.9099,285.31,47.1071,74.3205,265.85,49.6385,74.9307,248.053,51.25,75.6897,228.538,52.12,76.1775,211.64,52.1108,76.994,192.627,50.4444,77.5537,175.97,48.5794,78.0277,158.327,46.0124,78.4732,142.8,42.591,79.1742,125.906,38.6659,79.4781,110.243,33.7568,80.1892,94.1898,27.9381,80.4314,76.4032,23.1287,80.7034,61.7556,16.02,81.3002,46.5807,8.9262,81.5784,33.1831,5.18203,81.9086,21.5259,12.1362,82.2562,9.85598,18.2374,82.5147,-1.47276,23.3163,82.876,-12.8726,27.2916,83.0458,-23.84,30.335,83.3038,-34.6814,32.4774,83.3927,-45.1215,33.4645,83.5441,-55.5308,33.5875,,,
73.4104,289.395,46.4778,73.5976,269.617,48.8118,73.5342,252.612,50.3022,73.9183,234.824,50.6481,74.051,218.353,50.5393,74.153,200.312,49.6779,74.2406,183.739,47.6695,74.1166,167.542,45.0228,74.1717,151.084,41.5966,74.0303,135.101,37.37,74.2174,117.844,33.1363,74.055,102.934,27.116,74.0352,86.9195,21.192,73.852,72.3993,13.9125,73.6587,57.8415,6.28664,73.5393,45.0901,7.59837,73.6034,33.4226,15.1179,73.4027,22.6401,20.6492,73.323,11.3171,25.6585,73.3497,0.468505,29.5267,73.2575,-9.80501,32.1247,73.2566,-20.1373,33.9585,73.2366,-30.5023,34.8831,73.186,-42.3046,35.9132,73.2139,-51.9204,34.6544,,,
73.1928,306.536,44.0847,72.3811,287.785,47.2458,71.6289,269.177,49.8757,70.7004,249.637,51.9725,69.8375,231.772,52.5413,69.0356,215.245,52.4249,68.3106,197.111,51.7783,67.4216,181.232,49.8405,66.7007,159.38,48.5692,65.9737,143.107,45.408,65.1245,127.26,41.1227,64.3657,111.265,36.8851,63.31,96.7673,31.2774,62.3794,81.0233,25.1428,61.506,66.2675,18.3964,60.7458,50.5916,11.022,59.7112,37.4595,3.81562,58.9199,25.7119,11.5139,58.0045,14.5586,18.0685,57.2832,3.19997,24.0344,56.4581,-7.59662,28.6461,55.5538,-17.9224,32.0252,54.6681,-28.4417,34.732,53.79,-38.9046,36.4183,52.9421,-48.7176,36.9442,52.053,-58.5562,36.6608
72.9058,293.357,46.6395,72.8696,273.138,49.4979,72.5952,253.332,52.0816,72.3385,235.239,53.538,72.3132,216.629,54.1114,72.0741,200.461,53.4436,72.0479,182.928,52.2878,72.0168,165.988,50.4293,71.9785,149.626,47.5917,72.1097,133.849,43.8928,72.0502,117.299,39.8064,71.9601,101.866,31.932,72.1896,85.5311,26.1975,72.0844,70.725,19.3259,71.9678,55.9531,11.9546,72.1068,40.9385,3.79124,72.0739,28.912,6.73863,72.1974,14.4199,14.8864,72.186,3.43797,20.3107,72.1675,-7.33292,24.85,72.1409,-17.8699,28.4088,72.1054,-28.165,30.9373,72.0603,-38.3951,32.5325,72.0849,-48.3824,32.8085,71.9384,-58.0575,32.7229,,,
72.9058,293.363,46.6386,72.6151,269.302,49.8472,72.3505,248.713,52.1019,71.8771,232.055,52.9253,71.8701,211.742,53.4212,71.6499,195.006,52.7449,71.4406,177.857,51.2501,71.2443,160.479,49.2514,71.0556,143.759,46.315,70.8733,127.637,42.5738,70.6947,112.07,37.973,70.6823,95.9673,32.7986,70.6537,80.9941,26.6956,70.6158,65.596,20.1648,70.702,50.8347,12.9637,70.4921,36.0872,5.05344,70.5577,24.2802,9.31485,70.6642,12.153,16.9574,70.7529,0.958594,23.215,70.7231,-9.7287,28.3543,70.7937,-20.2998,32.6303,70.7569,-30.6164,35.7111,70.7986,-41.6409,37.2117,70.9127,-52.0091,38.3407,,,,,,
72.9142,299.122,45.4941,72.8764,277.063,48.8931,72.8371,255.76,51.7025,72.8013,238.587,53.2307,72.7573,220.744,53.6488,72.7099,202.391,53.7323,72.4506,185.603,51.5859,72.4033,168.437,49.9356,72.1645,152.569,47.1333,72.111,135.163,43.7553,72.0512,119.117,39.4902,71.984,99.2061,35.6177,71.9121,84.1316,30.4439,71.8256,69.0863,24.1144,71.5862,54.9408,16.9248,71.3464,40.0357,9.43568,71.1409,27.1801,4.49569,71.0779,15.128,11.3539,70.9005,4.16147,16.8158,70.7372,-6.66653,21.1873,70.6907,-17.4694,24.7256,70.6447,-28.2042,27.3703,70.4181,-38.4954,29.0868,70.2909,-48.8837,29.6173,70.0872,-58.8408,29.1756,,,
73.1996,309.525,43.6223,73.1543,287.753,47.7515,73.1108,269.267,50.3358,72.825,248.654,52.8054,72.5616,229.819,54.6178,72.3111,212.626,54.7704,72.0772,195.803,54.6644,71.8542,176.939,53.7943,71.6415,160.448,51.7313,71.2604,143.73,49.256,71.0753,126.391,45.7104,70.7349,110.961,42.0427,70.251,95.443,37.1067,70.1023,79.5772,31.54,69.8123,64.3461,25.6698,69.3888,49.6118,18.7156,68.9256,35.3153,7.13354,68.7208,21.3472,3.24855,68.4598,10.0686,11.0227,68.1205,-0.779845,17.5186,67.8305,-11.4042,23.0283,67.4921,-22.0379,27.6234,67.2036,-32.3529,31.1883,66.8728,-42.3986,33.7377,66.7164,-55.1363,36.9469,,,
73.4326,296.3,45.924,73.6237,275.877,48.8212,73.7997,257.058,51.7295,73.7967,257.174,50.9991,73.9353,236.739,52.1509,74.278,218.118,52.5424,74.1731,201.904,51.914,74.4484,182.652,50.9101,74.4807,161.941,49.8771,74.3347,145.245,46.8705,74.3579,128.554,43.2011,74.3564,111.355,39.1693,74.504,95.5524,34.3892,74.463,79.8237,28.531,74.4025,64.291,22.2295,74.4597,49.0352,15.2972,74.0826,33.8503,7.41983,74.0351,21.0475,6.38859,73.8016,9.15367,13.6567,73.5824,-2.35208,20.0222,73.3737,-13.4987,25.1543,73.0809,-24.0724,29.2354,72.8036,-35.2186,32.8046,72.5454,-45.729,34.9558,72.1476,-55.8437,36.2645,,,
73.1928,306.53,44.0856,73.401,285.147,47.6426,73.3479,266.858,50.2184,73.5186,246.588,52.1924,73.2277,230.176,52.7687,73.1676,214.006,52.5962,73.0935,194.437,52.2137,73.215,175.783,51.0365,73.1334,160.202,48.3355,72.8609,143.543,45.0568,72.7579,126.86,39.0089,72.6616,110.784,34.1794,72.5542,94.7326,28.3305,72.2914,79.277,22.4358,72.1723,63.9242,15.3152,71.9008,49.0672,7.46643,71.8051,34.8428,3.31126,71.7122,19.5791,12.6,71.3858,8.29336,18.6714,71.0932,-3.03713,23.9207,70.8308,-14.0554,28.1941,70.4999,-24.7775,31.5559,70.1105,-35.2646,33.6927,69.771,-45.9112,35.2019,69.3891,-56.2008,35.7057,,,
73.4407,299.168,45.4821,73.6303,277.086,49.1307,73.5722,260.666,51.1737,73.7261,239.805,53.2581,73.6489,222.892,53.7277,73.7702,204.511,52.9361,73.6755,187.545,51.8236,73.7741,171.11,49.9762,73.8496,154.422,47.2798,73.9059,138.314,43.5248,73.9427,122.109,39.5484,73.9612,106.498,34.583,74.1098,90.41,28.775,74.0576,72.158,23.8536,74.0081,57.5009,16.6954,73.9381,43.3048,8.65343,74.1436,29.5282,5.34784,74.1502,17.7935,12.312,74.2583,6.62115,18.1294,74.3336,-4.57041,23.1459,74.3789,-15.6594,27.3365,74.4039,-26.0185,30.0581,74.4838,-36.7631,32.2992,74.6167,-46.9503,33.186,74.6249,-57.058,33.5545,,,
73.1729,297.769,45.4404,73.3734,275.85,48.8277,73.0754,257.123,50.7762,73.0215,236.544,52.6447,72.7479,218.839,52.8719,72.6982,199.712,52.9421,72.4469,183.047,51.8602,72.3962,164.532,50.1392,72.1599,148.239,47.5223,72.1071,131.206,44.1759,72.0481,114.878,40.1157,72.139,98.1394,35.274,71.9084,83.6079,30.1375,71.9691,67.7413,24.1661,72.0031,52.5427,17.2249,71.8783,38.2625,9.44115,72.0195,23.4809,3.98972,72.0183,10.8545,10.6616,71.8938,-1.43028,15.949,71.8804,-13.2151,20.2311,71.8587,-24.9687,23.7419,71.826,-36.2281,26.0724,71.6956,-47.0952,27.2081,71.4879,-58.2795,27.8571,,,,,,
73.4072,286.4,47.9561,73.1115,267.852,51.2817,72.8274,248.569,53.2836,72.7853,229.87,54.3849,72.5269,212.652,54.764,72.4877,194.995,54.3884,72.4423,177.09,53.1686,72.394,160.636,51.116,72.158,144.664,48.1257,72.102,124.141,45.1971,71.714,108.309,40.8886,71.6593,92.6131,35.826,71.2948,77.9137,30.0363,71.2323,62.8748,23.6085,70.8784,48.6796,16.2548,70.9343,33.2063,8.83017,70.7669,21.0594,5.55559,70.7347,9.99662,12.7987,70.705,-0.865509,19.0674,70.6762,-11.7487,24.2776,70.644,-21.8787,28.2846,70.6127,-31.9593,31.4415,70.5821,-42.0982,33.806,70.5448,-52.2921,34.9387,,,,,,
73.1652,294.977,45.614,73.1177,274.624,48.5256,73.0649,253.609,50.8556,73.0168,236.693,51.7124,73.1843,220.079,51.566,73.1146,201.821,51.0972,73.2413,183.357,49.9808,73.1594,167.185,47.6506,73.2533,150.036,44.6802,73.3286,133.538,41.0644,73.2118,116.989,36.7382,73.0927,101.644,31.481,73.2741,85.8635,25.739,73.1223,70.585,19.0518,72.9361,55.9722,8.15333,73.0548,41.1758,2.73197,73.0088,29.2888,10.0218,72.8335,17.7686,15.92,72.7819,6.19743,21.233,72.7242,-5.10556,25.5415,72.6603,-15.7005,28.418,72.58,-29.1941,32.3063,72.5025,-39.5318,33.5593,72.4106,-49.8448,33.4212,72.1616,-59.6507,32.887,,,
73.4561,305.076,44.308,73.406,286.462,47.6934,73.5985,268.097,50.2678,73.9985,248.926,52.0531,74.1103,226.001,53.8809,74.2267,209.237,53.6084,74.52,191.077,53.2133,74.5928,175.214,51.5282,75.0079,157.561,49.4412,75.2009,141.309,46.2841,75.1995,126.218,42.536,75.5023,110.477,38.0334,75.7637,95.312,32.6259,75.9712,79.6922,26.7916,76.2872,64.7517,20.3005,76.4289,51.1016,12.4742,76.6377,36.3482,4.55007,77.1355,24.5279,8.39651,77.4512,13.4688,14.4132,77.7978,2.03466,19.5066,78.1803,-9.02828,23.7052,78.4941,-19.5653,26.7142,78.6336,-30.0667,28.7894,78.8914,-40.3798,29.8428,79.1481,-50.658,30.013,,,
73.7116,302.219,44.485,73.396,283.85,47.5905,73.8199,263.348,49.793,73.9664,243.443,51.3003,74.1027,226.285,51.8393,74.0038,209.458,51.4364,73.8972,193.097,48.9382,73.7848,175.339,47.1492,73.6736,158.99,44.1791,73.7377,142.463,40.4895,73.611,126.454,36.4182,73.6423,110.423,31.3244,73.3236,92.2242,26.661,73.1777,76.9842,20.5393,72.8759,62.6234,13.0158,72.7133,47.8866,5.25156,72.5237,35.7048,8.67868,72.254,24.2566,15.1194,71.8886,13.1697,20.6613,71.667,1.95413,25.3017,71.3554,-8.87411,28.7072,70.9711,-19.563,31.0939,70.6255,-29.9813,32.7972,70.3064,-40.2425,33.2208,69.8505,-50.3442,32.8209,,,
73.1722,296.221,46.1973,72.8803,276.901,49.6619,72.6089,259.144,52.3709,72.5767,238.41,54.1701,72.3241,219.469,55.1683,71.876,202.1,55.0459,71.6605,185.238,54.2826,71.4563,168.075,52.7318,71.2631,151.514,50.5487,71.0755,135.527,47.2872,71.0624,119.49,43.0634,70.8867,103.447,39.0621,71.0198,87.6076,33.8346,70.8261,73.7233,27.5804,70.9208,58.5369,20.9181,70.7127,44.6248,13.3349,70.8959,29.7964,5.52531,71.1735,18.1638,8.64369,71.3463,7.15541,15.2269,71.6043,-3.86398,20.9132,71.9251,-14.3578,25.201,72.1986,-25.0116,28.6995,72.4285,-35.2939,31.2863,72.688,-47.4699,34.0473,72.9764,-57.7047,34.7902,,,
73.1874,303.51,44.8154,73.1419,282.298,48.586,72.8569,264.151,51.3646,72.5832,244.042,53.293,72.329,225.65,54.3958,72.0886,207.811,54.5059,71.6569,190.463,53.7574,71.2563,172.817,52.4103,70.8826,155.818,50.2195,70.5572,134.038,48.1709,70.0655,117.987,44.3226,69.7674,102.561,39.8277,69.4919,86.6364,34.8101,69.2261,71.3517,28.9382,68.9715,56.1988,22.3781,68.86,41.287,15.2611,68.6015,27.2145,7.131,68.7094,14.5243,6.73396,68.6979,2.79461,13.9826,68.6881,-8.33248,19.8575,68.6914,-19.317,24.9377,68.7021,-30.109,29.0224,68.5345,-40.3975,31.9107,68.4803,-50.7834,33.9166,,,,,,
73.4166,290.663,46.7927,73.3672,273.204,49.4831,73.7779,252.393,51.7465,73.6986,234.477,52.7437,73.8368,216.996,53.1694,74.1585,199.095,52.6197,74.0481,182.563,51.333,74.1248,165.725,49.4955,74.362,148.792,46.6347,74.2156,132.414,43.3224,74.2355,116.677,38.9108,74.2311,100.379,34.232,74.364,84.801,28.5638,74.3237,70.2362,22.0562,74.3946,54.9056,15.215,74.1418,40.4249,3.28016,74.2656,28.2939,6.91286,74.2638,16.6874,13.6139,74.2487,5.58347,19.2276,74.2203,-5.06998,23.6748,74.2729,-15.9372,27.3825,74.2672,-28.6498,31.3167,74.1856,-38.5237,32.9018,74.0872,-48.2639,33.1001,74.0511,-58.1642,33.3434,,,
72.9168,300.58,45.2693,73.1308,279.841,47.9629,73.0825,260.823,49.9561,73.0316,242.205,51.2778,72.9764,224.094,51.5509,72.9173,206.464,50.9062,72.8545,189.33,49.4559,72.7871,172.691,47.1056,72.7149,155.766,44.3353,72.6281,135.356,41.3422,72.5431,118.643,37.1593,72.4531,102.608,32.3749,72.1969,87.6289,26.2785,71.9456,72.639,19.8413,71.6925,57.2372,12.6194,71.573,43.2239,4.27378,71.4468,30.3368,8.30742,71.233,18.2236,14.0402,70.9177,6.81883,18.3136,70.7445,-4.61259,21.9721,70.4787,-15.3826,24.4121,70.3381,-26.5518,26.2229,70.0194,-36.6938,26.9382,69.7327,-47.196,26.895,69.3051,-57.3755,25.8024,,,
73.456,305.064,44.3098,73.4095,286.292,48.4786,73.6005,266.547,51.9593,73.7716,248.54,54.2085,73.9159,229.85,55.7132,73.8297,212.675,56.4599,73.9482,195.988,56.262,74.0443,178.905,55.5888,74.1205,162.422,53.6027,74.1807,146.485,51.0205,74.3891,129.809,47.8653,74.242,114.924,43.5228,74.3948,98.381,38.9969,74.3794,84.0378,33.3562,74.1823,68.231,27.2395,73.9624,53.1954,16.9133,73.6175,38.8248,8.68399,73.4204,24.8852,2.27967,73.3542,13.573,10.1586,73.168,2.43009,16.8825,72.8855,-8.23226,22.4463,72.7222,-18.8301,27.0194,72.4656,-31.7878,32.2741,72.1496,-41.8704,34.9493,71.8581,-51.4767,36.4637,,,
73.67,287.693,48.2634,73.8434,266.665,51.4552,73.7743,249.785,53.5536,73.915,229.891,55.4844,74.0362,211.845,55.524,74.3457,194.374,55.0949,74.4168,176.613,54.0274,74.4714,159.531,52.2667,74.6783,141.768,49.6514,74.4959,122.901,46.8718,74.6513,106.32,42.7499,74.6272,90.9629,37.7722,74.7263,75.2703,32.0345,74.9294,59.4425,25.8654,75.0905,44.3205,18.6664,75.0916,30.4502,10.2536,75.4157,15.4396,3.58338,75.5571,3.86592,10.366,75.7523,-8.036,16.6375,76.0002,-19.3677,21.7605,76.1918,-30.1896,25.8321,76.3198,-40.9385,28.7947,76.4711,-51.5571,31.1764,,,,,,,,,
72.9058,293.351,46.6403,72.3767,275.584,49.6201,72.1228,255.575,52.2107,71.4265,238.308,53.7424,71.2209,220.395,54.3755,70.8142,203.858,54.1291,70.2399,185.876,53.3756,70.0949,168.618,51.6709,69.3916,153.299,49.0693,68.7471,136.948,45.7167,68.3211,121.18,41.7805,67.4258,106.339,37.0794,67.0719,90.9367,31.3125,66.4288,76.4167,24.869,65.8365,61.8327,18.0173,65.0536,47.5857,6.10567,64.6418,34.4275,4.36609,64.19,23.3488,11.7407,63.6858,12.5147,17.9019,63.2675,1.7237,23.1265,62.9266,-8.94958,27.4115,62.4347,-19.0982,30.5809,62.0264,-29.1358,32.8115,61.7029,-39.2374,34.0991,61.4604,-51.2457,35.8481,,,
73.1828,302.117,44.768,72.8842,282.441,47.8131,72.1216,261.711,51.0256,71.6479,242.922,52.5569,70.9907,223.493,53.6547,70.1587,206.69,52.8053,69.4055,188.394,52.1147,68.9124,169.991,50.4394,68.0704,153.728,47.6736,67.4908,136.595,44.5433,66.8075,118.823,40.8422,65.9937,102.933,35.8965,65.3547,82.974,31.3875,64.5488,67.5042,25.5844,63.9454,52.18,18.6865,63.4229,36.2626,11.4463,62.6312,22.3373,3.30644,62.1752,9.83178,10.8215,61.592,-2.06345,17.453,61.0061,-13.4023,22.8557,60.4722,-24.8854,27.4115,59.8629,-35.8081,30.9084,59.4101,-46.6585,33.6461,58.8495,-57.3876,35.2746,,,,,,
72.9031,293.471,46.1074,72.6183,274.573,48.5381,72.5886,253.546,50.8701,72.0977,235.506,51.4601,71.862,217.836,51.7408,71.6397,199.687,51.2839,71.4296,182.133,50.031,71.2297,164.393,47.8613,70.8518,148.724,44.8146,70.6814,130.853,41.4059,70.3387,115.564,36.8173,70.1789,99.6428,31.6349,70.026,83.8128,26.1764,69.715,68.9758,19.4218,69.7051,53.4254,12.3757,69.6727,38.8898,4.60885,69.6662,26.8647,9.77307,69.8081,15.255,16.0817,69.6909,15.5859,16.4461,69.7181,4.49481,22.3143,69.8449,-6.39838,26.7677,69.858,-17.0671,30.3691,69.9645,-27.6171,33.1176,70.0526,-37.8745,34.7889,70.0408,-47.8734,35.5149,70.1018,-58.0292,35.3333
73.1606,290.521,47.328,73.3609,270.562,50.1347,73.5396,251.049,52.661,73.6949,232.133,54.2418,74.0454,213.866,54.98,74.1606,197.983,54.6836,74.4404,179.939,53.814,74.681,162.669,50.8769,74.7105,145.973,48.1818,74.736,131.202,44.3309,74.8862,113.856,40.5384,74.703,98.8806,35.3569,74.8158,83.4724,29.8326,74.7479,68.1499,23.6651,74.487,50.1109,17.8376,74.3902,36.1107,9.63673,74.4227,22.6533,4.15862,74.2966,11.5673,11.585,74.2738,0.196496,18.2915,74.2427,-10.342,23.6614,74.1942,-20.834,28.0793,74.038,-31.2085,31.692,73.8836,-41.0681,34.1188,73.8017,-50.9821,35.3455,,,,,,
73.4645,308.047,43.8485,73.4099,287.835,47.4826,73.59,265.581,50.6554,73.514,244.186,53.262,73.2202,225.801,54.3634,73.3702,208.029,54.6695,73.2948,190.766,54.0963,73.2143,173.224,52.9022,73.1311,156.338,50.8451,73.0429,139.384,48.1973,72.9491,123.115,44.3931,72.6886,107.423,40.1099,72.5902,91.2917,35.2484,72.3365,76.7494,29.325,72.2266,60.9447,23.1434,72.1074,46.6248,15.9874,71.8371,35.1981,6.42024,71.8935,19.8022,5.84792,72.0221,8.2669,12.4462,71.9079,-2.54238,17.881,71.9015,-13.5815,22.4906,71.7875,-23.9245,25.7986,71.3849,-34.2002,26.8702,71.204,-44.4718,28.4007,70.945,-54.3969,28.5434,,,
73.1895,305.054,44.3138,72.8888,285.152,47.3939,72.8539,265.584,50.1779,72.5793,245.35,52.1647,72.0978,227.929,52.6989,71.8662,208.901,53.0481,71.6459,192.387,52.1849,71.2395,175.396,50.5365,71.0497,158.213,48.2015,70.6834,142.302,44.8126,70.3258,125.554,39.0207,69.9982,110.001,34.0911,70.1181,93.9005,38.8815,69.6808,94.3585,27.8122,69.3908,78.7872,21.9982,69.1069,63.2794,14.991,68.8191,48.717,6.89471,68.6152,34.4083,3.584,68.3736,19.1236,11.6306,68.0019,7.55689,17.0125,67.7924,-4.05765,21.3122,67.5013,-14.9565,24.4242,67.3661,-26.1935,27.0314,66.9652,-36.6516,28.3219,66.8025,-47.274,29.0059,66.4954,-57.543,28.4881
72.9143,299.127,45.4932,73.1261,277.137,48.631,73.0715,255.954,50.7225,72.7951,238.758,52.064,72.7417,215.826,53.1582,72.6916,197.92,52.6325,72.6391,180.586,51.5181,72.3925,164.567,49.5539,72.3372,148.314,46.5738,72.4524,131.962,43.0905,72.5448,115.011,39.21,72.4546,99.8489,33.908,72.3578,84.6738,28.301,72.3984,69.6024,22.0082,72.2723,54.9935,14.731,72.2685,39.7592,7.30737,72.1929,27.1233,6.70907,72.1852,15.4582,12.9442,72.0554,4.5041,17.9086,72.0373,-6.77468,22.0967,72.1122,-17.7157,25.3238,71.8813,-28.278,27.5142,71.8422,-38.688,28.7821,71.6052,-49.5635,27.6987,71.4672,-59.8513,26.7093,,,
73.1848,303.64,44.2694,72.6304,283.822,47.3499,72.3604,263.124,50.0827,72.1093,243.07,52.0687,71.4274,224.71,52.7897,71.0116,205.929,52.7167,70.4207,188.644,51.8555,70.0716,171.101,50.2087,69.5599,154.128,47.7614,69.0942,137.057,44.9625,68.6581,120.651,41.0399,68.0688,104.144,34.3257,67.8496,88.4062,28.6933,67.34,73.133,22.4236,66.9978,58.407,15.2719,66.8373,42.5935,8.02108,66.7065,28.1431,2.66402,66.409,16.6391,9.56789,66.1721,4.98573,15.6064,66.0974,-6.59456,20.8238,66.6094,-20.7477,29.1222,65.9362,-20.1304,26.2636,65.74,-31.0346,29.4174,65.5716,-41.4074,31.3793,65.387,-52.1207,32.7612,,,
73.4314,296.367,45.6548,73.1303,278.411,48.683,73.0821,259.507,50.6412,73.2545,237.632,52.6957,73.197,220.841,53.4099,73.1291,202.502,53.2896,73.2401,178.916,53.2188,72.9684,161.513,51.6971,72.8891,144.133,49.336,72.8038,127.492,45.7803,72.5514,110.902,42.2113,72.4663,95.0768,37.8531,72.2179,79.3262,32.242,71.9788,64.6924,26.2867,72.0142,48.6232,20.031,71.7605,33.9422,12.5476,71.7549,18.5967,4.99034,71.7415,6.95613,8.51666,71.6461,-4.83254,14.8294,71.6568,-16.1652,19.9088,71.5616,-27.102,23.9893,71.4691,-37.8029,27.1394,71.6308,-48.7733,29.6241,71.5186,-59.0666,30.6653,,,,,,
73.1928,306.536,44.0847,73.1537,289.313,46.7481,73.1512,289.418,46.2214,73.099,266.972,49.4743,73.0493,247.805,51.3068,73.2133,227.137,52.1511,73.1512,210.183,52.1751,73.2835,190.975,51.8106,73.2019,173.381,50.5162,73.294,154.272,48.261,73.0197,138.081,45.2287,72.9207,120.005,42.0422,72.8172,103.416,37.5411,72.7089,87.552,32.3738,72.4449,70.9121,27.1878,72.323,55.0973,20.6795,72.189,39.2257,13.7134,71.8734,23.5475,2.05872,71.8661,10.9636,7.31108,71.6415,-1.12497,13.0642,71.4353,-13.0678,17.7223,71.2459,-24.5479,21.3092,71.0741,-36.3365,24.2191,70.9191,-47.9991,26.454,70.7946,-61.384,29.0945,,,
73.4029,288.174,45.9032,73.3435,268.466,48.2623,73.5138,249.388,48.9429,73.2127,231.766,48.9056,73.5732,212.625,48.2904,73.6875,194.106,47.293,73.5886,177.931,44.8125,73.8616,160.673,41.6693,74.0959,143.314,38.0331,74.1205,126.599,33.484,74.4298,106.536,29.4026,74.2482,91.3036,23.4476,74.3587,75.6829,17.1262,74.44,61.0526,9.40051,74.6352,45.9679,4.19886,74.7535,33.3942,11.1919,74.8423,21.3408,16.8967,74.9051,9.7933,21.4914,75.0415,-2.00786,25.4126,75.0493,-12.8,28.0254,75.1138,-24.1698,30.0499,75.1493,-34.9657,30.9465,75.1436,-45.8124,30.8117,75.1884,-56.3157,30.1474,,,,,,
73.91,285.326,47.1046,74.8007,264.794,49.0731,75.3814,245.963,50.6499,75.9127,228.759,50.7402,76.5743,208.978,50.8546,76.9819,191.823,49.7698,77.5284,174.412,47.8995,78.177,156.18,45.5272,78.7813,140.176,41.7445,79.1318,124.038,37.5626,79.5717,107.395,32.8875,79.9689,92.0173,27.3395,80.5544,75.388,21.5797,80.6584,60.3011,14.4536,80.8511,45.4384,6.89025,81.1308,32.1075,6.66491,81.2187,20.0591,12.8036,81.5898,8.05543,17.6548,81.7602,-3.60867,21.6647,81.8912,-14.4687,24.3478,82.0204,-25.6354,26.3174,82.0864,-36.4109,27.271,82.3089,-47.3704,27.5084,82.3824,-57.8042,26.5038,,,,,,
73.6568,286.771,46.375,74.0663,264.763,48.8426,73.9843,248.176,49.8389,74.1144,229.631,50.1617,74.4473,212.636,49.5804,74.5189,194.262,47.2551,74.5822,177.295,44.9363,74.6343,161.608,41.6422,74.8364,144.187,38.1805,74.8363,128.075,33.6057,74.9894,112.531,28.1987,75.2625,96.4158,22.29,75.3443,81.3669,15.4739,75.3419,62.7382,9.73591,75.3865,49.1943,4.71284,75.3443,37.0866,11.9411,75.4115,25.1574,18.3996,75.3338,13.634,23.424,75.2478,2.57992,27.4337,75.2455,-8.72605,30.7136,75.1257,-19.54,32.9425,75.0838,-30.2754,34.0974,75.1053,-40.8458,34.369,75.0169,-51.0076,33.5222,,,,,,
73.4238,295.116,45.0729,73.1011,269.659,48.3204,73.282,249.199,49.9134,73.2226,232.669,50.1086,73.1586,216.366,49.3653,73.2894,196.63,48.4841,73.014,181.9,46.4258,73.1236,164.281,43.5902,72.8456,147.941,39.9038,72.7547,131.464,35.788,72.4884,116.122,30.6523,72.3901,101.24,24.5929,72.1259,85.6651,18.3324,72.0125,70.6394,11.0861,71.8909,56.5394,3.41327,71.7713,44.2935,10.1559,71.663,32.465,16.3348,71.5589,21.0019,21.3495,71.3414,10.4435,25.0854,71.1391,-0.416634,27.9224,70.9397,-11.3491,28.8943,70.7616,-22.0049,29.8169,70.5861,-32.3856,29.3577,70.4146,-42.4668,27.9363,70.5039,-52.8802,26.3069,,,
73.6958,297.933,44.8902,73.1284,279.949,47.4461,73.0773,259.7,49.6543,73.0268,241.161,50.9868,72.7514,224.119,51.1063,72.7027,206.464,50.6953,72.4451,189.267,49.4717,72.3955,172.615,47.3228,72.3289,156.494,42.6427,72.0845,140.011,38.8899,71.8456,124.065,34.0429,71.6145,108.025,28.7818,71.2256,93.0168,22.5225,71.0059,77.4721,15.7702,70.7848,62.4505,8.30147,70.5898,48.1488,2.78741,70.5534,35.8998,10.2287,70.4162,21.4552,17.8464,70.1601,9.98567,23.1303,69.9257,-0.77418,27.1399,69.7202,-11.9038,30.2629,69.535,-22.5301,32.4659,69.2837,-33.3491,33.8873,68.9579,-43.4538,33.8009,68.7571,-53.731,33.2943,,,
73.4567,306.757,43.2534,73.4017,288.232,45.6392,73.0933,268.568,47.5151,73.2784,250.609,48.2739,73.2116,231.796,48.6745,73.1308,209.606,48.8423,73.2663,192.232,47.6592,73.2115,175.049,50.9805,73.3767,174.567,45.5184,73.4704,158.294,42.4117,73.5424,141.786,38.7987,73.5936,125.835,34.0666,73.6236,109.804,28.8967,73.6311,93.7941,23.0697,73.3124,78.7544,16.0524,73.1488,64.2325,8.7447,73.1537,50.1823,5.48743,72.9719,37.873,12.8985,72.9251,25.7455,19.3812,72.754,13.7804,24.8182,72.5934,2.63039,29.0463,72.4381,-8.79802,32.5361,72.2887,-19.4874,34.7185,72.2348,-30.4694,36.2409,72.085,-40.9846,36.5935,71.9946,-51.904,34.272
73.1802,302.24,44.2244,72.8779,281.26,47.2434,72.3561,263.262,49.3377,71.8693,243.224,50.8935,71.1901,226.961,51.0862,70.5601,209.883,50.751,70.1873,192.292,49.9513,69.8335,176.08,48.0322,69.507,159.48,45.4566,69.3826,143.429,42.1541,69.262,127.86,38.239,68.9409,113.236,31.0342,68.671,97.2704,25.4745,68.2452,82.8395,19.1302,68.143,67.8938,12.0085,67.8893,53.3504,4.25602,67.7782,41.5725,6.40592,67.7584,30.1421,12.8057,67.8081,16.2091,19.511,67.6862,5.64487,23.7615,67.6962,-5.11917,27.056,67.5969,-15.3573,29.0815,67.5211,-25.6903,30.4803,67.4393,-35.3027,30.7126,67.4645,-45.3599,30.1754,67.3953,-54.7385,28.9374
73.1903,306.669,43.5346,72.8845,286.809,45.868,72.5942,264.77,47.8856,72.09,248.176,48.2183,71.8434,228.509,48.1294,71.6139,209.46,47.5904,71.3939,192.006,45.8531,71.1855,174.216,43.4153,70.8132,153.226,41.3124,70.4575,135.518,37.6623,70.1194,119.174,33.1417,69.8004,102.823,27.8828,69.4963,87.0847,22.0109,69.0532,71.342,15.2233,68.7748,56.2266,7.91346,68.4545,41.8254,6.26702,68.033,29.1801,13.1595,67.7781,17.4293,18.7381,67.3343,5.71352,23.2178,67.1815,-6.16222,27.1476,66.7407,-17.4184,29.5751,66.5715,-28.8785,31.5331,66.2576,-40.0204,32.5083,65.9809,-50.6365,32.3853,,,,,,
73.4175,293.827,44.7586,73.3604,273.534,47.9529,73.3533,273.809,46.4259,73.295,256.6,47.2843,73.456,237.385,47.4823,73.3779,219.722,46.7841,73.5102,202.488,45.4618,73.6205,185.716,42.9772,73.8991,167.789,40.0355,73.9645,151.969,36.2244,74.3677,135.957,31.5804,74.7249,120.425,26.2554,75.1982,104.807,20.184,75.442,88.5935,13.9254,75.7854,73.2847,2.85025,76.322,60.6555,7.96315,76.509,48.0297,14.6838,76.9174,35.9029,20.0785,77.2609,24.1736,24.2328,77.664,12.881,27.2985,78.0873,1.22315,29.7094,78.4394,-9.93113,31.0928,78.9072,-21.0311,31.407,79.201,-31.7149,30.6736,79.4699,-44.4545,30.1397,79.8486,-54.59,28.0163
73.7045,300.891,44.1679,73.8795,278.804,47.1187,74.0533,262.367,48.7405,74.4235,243.916,48.6728,74.7575,225.75,48.8073,74.8452,209.061,47.634,75.1077,190.939,46.03,75.5338,173.497,43.5295,75.7304,157.374,40.0941,75.8895,141.004,36.1771,76.186,124.577,31.3283,76.2822,109.284,25.7024,76.6122,90.8128,20.5617,76.9232,75.2782,13.4855,77.3527,61.2483,5.57168,77.8562,46.9571,7.38254,78.2033,35.1478,12.7493,78.5946,23.1015,17.4712,78.9177,11.5045,20.9418,79.2922,0.396979,23.4399,79.5675,-11.0248,25.202,79.7825,-21.9772,25.7661,80.1017,-32.9796,25.6548,80.2514,-43.7169,24.5723,80.3269,-54.3602,22.4708,,,
73.4442,302.326,43.9459,73.89,281.485,46.6967,74.0423,259.903,49.1338,74.1885,242.568,50.0553,74.0845,224.454,50.1501,74.1937,206.854,49.5452,74.2725,187.981,48.2665,74.1433,170.653,46.1331,74.0098,153.163,43.5813,73.8732,136.371,39.7963,73.7313,119.576,35.4753,73.5895,104.021,30.2103,73.4304,86.8987,24.7045,73.2722,71.5293,18.1818,73.1044,56.2868,11.1599,73.0616,41.6196,3.10906,73.0042,28.2602,10.5728,72.9518,16.3255,17.1011,72.6613,4.2302,22.3006,72.5019,-7.65414,26.833,72.3483,-19.3436,30.2792,72.201,-30.7472,32.8149,71.9699,-41.7424,34.1665,71.8311,-52.7569,34.5804,,,,,,
72.9151,302.223,44.2295,72.3681,281.32,46.7368,72.1065,262.172,48.5487,71.6273,244.529,49.5255,70.9489,228.242,49.0822,70.5439,209.174,48.5147,70.1638,191.67,46.9686,69.5881,175.545,42.7419,69.0688,158.875,39.4135,68.5826,142.674,35.2454,68.1242,126.902,30.178,67.6977,110.932,24.3574,67.4649,94.9397,18.0871,67.0787,79.398,10.8332,66.5456,64.7106,2.52783,66.3491,48.8648,9.63757,65.8641,37.3584,15.7232,65.5754,25.8109,20.949,65.212,14.5377,25.1718,64.6651,3.75017,28.184,64.3107,-7.23632,30.3854,63.8205,-18.1932,31.7455,63.3802,-28.6025,31.9406,62.8425,-39.2059,31.298,62.2911,-49.5239,29.766,61.8106,-59.7746,27.138
73.4621,308.176,43.2974,73.4017,288.227,45.6401,72.8522,271.056,47.3649,72.5723,254.038,47.9515,72.5292,229.52,49.2968,72.0533,212.376,48.3499,71.8149,195.629,46.5978,71.5886,178.397,44.3301,71.1764,162.423,40.902,70.7941,145.361,37.3567,70.4263,129.544,32.5029,70.0849,112.945,27.4064,69.5825,98.5642,21.0603,69.2724,82.96,14.3835,68.8075,68.7301,6.54457,68.6349,55.2534,7.59271,68.2807,43.3374,13.8307,68.1014,31.397,19.1786,67.699,20.0515,23.4821,67.468,8.46221,26.898,67.1542,-2.80605,29.0943,66.749,-13.7172,29.0908,66.3077,-24.4732,28.99,66.0154,-35.2782,28.0643,65.6909,-46.2775,26.5769,65.2093,-56.5735,23.6228
72.8841,288.302,45.1227,72.348,269.969,46.3154,72.0855,248.309,47.4925,71.6118,229.664,47.2531,71.3902,209.566,46.4931,70.7617,192.906,44.6374,70.3774,174.981,41.8513,69.6338,158.321,38.3738,69.1382,140.737,34.6255,68.4953,124.418,29.9969,67.8646,107.922,21.8222,67.131,92.4884,15.2261,66.7752,76.0601,8.24822,66.4578,60.8827,2.60226,66.0555,48.178,8.12435,65.6017,35.0205,13.2311,65.3184,22.7067,16.9741,64.8616,10.0505,19.7518,64.6007,-4.8836,23.5451,64.2863,-17.0088,24.3986,63.923,-28.6342,24.3943,63.4442,-40.043,23.683,63.0377,-51.4226,21.8173,,,,,,,,,
73.4336,299.54,43.8592,73.8724,279.167,45.3092,74.0321,260.389,46.4107,74.4012,242.086,46.1989,74.7316,224.167,45.2916,75.0177,205.722,43.7448,75.2607,186.985,41.661,75.4378,165.798,39.2927,75.7921,148.062,35.4797,76.1106,131.708,31.097,76.2236,116.48,25.6855,76.447,100.012,19.605,76.7898,84.2457,13.1104,77.2222,68.6155,5.68864,77.7934,55.42,8.21431,78.1483,42.6143,14.9794,78.5786,30.7114,20.3974,78.927,18.9152,24.7327,79.4423,7.67948,28.0632,79.8425,-3.88196,30.6164,80.3522,-15.2841,32.2377,80.677,-26.1856,32.7176,81.1627,-37.2287,32.4273,81.7793,-48.6112,29.0111,81.2112,-55.8948,34.2476,,,
72.9127,300.771,44.4556,73.1259,280.062,46.9277,73.0725,259.879,48.6672,73.2536,242.585,49.1372,73.1913,226.607,48.449,73.3367,208.818,47.6928,73.4637,192.442,45.747,73.763,174.79,43.4677,73.6521,159.209,39.874,73.7142,142.595,35.9697,73.9287,125.934,31.3167,73.9505,111.031,25.6828,73.629,96.4016,19.3847,73.7695,80.7299,12.5628,73.7126,65.8317,2.40749,73.7922,54.6543,9.72339,73.981,42.9053,16.3686,74.0117,31.7576,21.633,74.1473,20.9125,25.8184,74.2559,10.3463,29.0816,74.3342,-0.235246,31.3371,74.3876,-10.5376,32.5009,74.3797,-23.0515,34.0311,74.2931,-32.8334,33.3147,74.3615,-42.6757,31.7228,74.2304,-52.4882,29.3325
73.7105,302.29,44.2117,73.6476,284.043,46.8015,73.8218,264.734,48.8494,74.433,244.904,49.4377,74.5566,228.741,49.4113,75.0726,209.898,48.9865,75.5416,192.66,47.3479,75.9521,175.092,45.1848,76.1432,159.648,41.6894,76.5944,139.073,38.9007,76.8606,122.87,34.3348,77.2439,106.72,29.1444,77.4273,91.6732,22.9474,77.7075,76.1787,16.4001,77.9513,61.6733,8.59563,78.2951,47.7631,5.72856,78.4817,35.6972,13.4948,78.7371,23.8458,20.2718,78.8303,12.7425,25.5403,79.0914,1.65348,30.0957,79.2874,-9.17731,33.5991,79.5042,-20.104,36.3052,79.7514,-30.6367,37.935,80.0189,-40.8086,38.497,80.2689,-51.1047,38.2187,,,
73.4377,301.002,43.629,73.1239,281.624,45.6756,73.0653,261.463,46.4833,73.0087,242.924,46.764,72.9454,223.778,46.2733,72.6673,206.147,44.9756,72.8084,187.294,42.8605,73.1269,170.023,39.9295,73.2201,153.27,36.2888,73.47,136.407,31.8361,73.6857,120.148,26.7141,73.7037,104.969,20.494,74.0111,88.6988,14.0685,74.2756,73.5345,6.62059,74.557,59.9738,6.69522,74.972,47.2807,12.3164,75.4447,34.2833,16.8408,75.8546,22.158,20.319,76.2075,10.7458,22.5448,76.6021,-0.762353,24.2238,77.0283,-12.0955,24.6556,77.4759,-23.1894,24.1496,77.8237,-34.4823,22.7646,78.1996,-45.0436,20.6406,78.5594,-55.7554,17.4466,,,
73.4585,308.378,42.4679,73.3831,284.474,44.7115,73.312,264.122,45.3123,73.474,244.333,45.3505,73.3962,227.215,44.2931,73.3094,208.389,43.0192,73.4249,190.251,40.5652,73.5044,171.991,35.242,73.7617,153.561,31.5512,73.9868,136.603,26.8924,74.1755,120.242,21.0294,74.4905,103.309,15.0643,74.7621,87.5743,7.79489,75.1494,71.6437,3.28963,75.4126,58.2206,9.12176,75.7167,42.2379,15.4802,75.9921,28.973,19.295,76.219,16.3706,22.557,76.5036,4.00374,24.2908,76.8284,-8.21047,25.5408,77.1763,-20.2829,25.6703,77.5372,-32.085,25.0865,77.7268,-43.5645,23.3327,77.9136,-55.1218,20.7938,,,,,,
72.9199,306.768,42.9915,72.616,281.565,45.6898,72.0972,263.689,46.8527,71.851,238.083,48.5246,71.1749,220.196,48.0446,70.7667,200.851,47.2881,70.1717,184.83,45.0415,69.8273,166.711,42.6898,69.3105,149.979,39.0594,69.0161,133.128,35.1894,68.5662,116.823,30.4776,68.3172,99.9815,25.0627,67.7631,84.2479,19.0902,67.3951,68.6118,12.3499,66.8958,53.4478,4.69408,66.7462,40.583,8.74972,66.4152,27.935,14.5369,66.1207,16.0891,19.053,65.8954,3.82117,22.9728,65.588,-7.70183,25.6082,65.4549,-19.634,27.5707,65.2382,-30.8557,28.2281,64.8511,-42.2475,26.2853,64.6429,-53.5562,24.9008,,,,,,
73.1843,305.312,43.2175,72.8795,285.551,45.5588,72.59,264.916,47.1337,72.3203,246.01,47.8765,72.0661,227.56,47.8444,71.3918,209.541,46.7139,70.9754,192.002,45.2338,70.5832,174.165,42.4299,70.028,156.867,39.108,69.3124,139.399,33.1086,68.8284,123.206,27.8128,68.2127,106.847,22.0117,68.4443,90.2164,27.7344,67.7935,91.0656,15.4285,67.4075,74.7714,8.31004,67.0682,59.2498,2.59251,66.6612,46.863,9.69613,66.325,34.0691,15.8815,66.0298,22.116,20.985,65.7758,7.0218,26.3746,65.4858,-4.60896,29.5781,65.2449,-15.9939,31.7524,64.8502,-27.005,32.8123,64.4265,-37.8371,32.876,64.0748,-48.5856,32.1487,63.6986,-59.1147,30.5036
73.1784,303.961,42.9021,72.8727,285.828,44.2443,72.8222,264.052,45.3286,72.5362,244.176,45.3867,72.2675,225.949,44.5376,72.0104,208.172,42.6401,71.7671,189.021,40.4267,71.3454,167.328,38.1793,71.1373,148.414,34.6681,70.7551,130.989,30.0614,70.2163,115.407,24.4719,69.8861,98.0246,18.825,69.563,81.8998,12.1162,68.8085,65.7296,4.98261,68.5387,52.7165,9.29482,68.7626,38.5688,16.1307,68.0694,40.1887,15.3548,67.6636,27.7186,20.5505,67.3158,15.4091,24.8483,66.7798,3.75124,27.787,66.327,-7.95408,30.1549,65.8291,-19.2602,31.3122,65.3096,-30.3604,31.6921,64.8775,-41.585,31.3003,64.3089,-51.9626,29.6391,,,
73.1423,289.832,44.3655,73.3354,270.23,45.5256,73.2583,247.463,46.686,72.9663,231.131,45.848,73.1113,210.035,45.0887,72.8282,193.483,42.8259,72.7516,174.796,40.2579,72.6711,157.622,36.5677,72.4024,140.254,32.4694,72.3161,124.221,27.1036,72.2235,106.908,21.9518,72.1206,90.3342,15.8425,72.0033,75.3626,8.16946,72.0715,60.3938,5.54885,71.9339,47.3823,11.6864,71.9339,35.2153,16.5635,71.9252,22.4283,20.7694,71.9092,10.4999,23.8854,71.9912,-1.50303,25.9084,71.9492,-13.0215,27.0103,71.9943,-24.4691,27.2565,72.0156,-35.836,26.5561,71.8475,-48.9883,26.5671,71.751,-59.4252,23.8334,,,,,,
73.4255,296.67,44.311,72.8654,278.915,46.1104,73.0574,259.08,46.3963,72.9964,239.654,46.4031,72.7126,222.854,45.1053,72.6555,205.349,43.4096,72.7955,186.543,41.157,72.5248,171.645,37.3535,72.4483,153.92,33.4176,72.548,137.579,28.5088,72.4539,122.319,22.9363,72.5078,102.237,17.958,72.3864,86.9877,11.0011,72.3718,73.5554,16.5464,72.4118,72.2542,3.87087,72.109,60.2862,9.77986,72.1061,47.7901,15.2929,71.9641,35.9361,19.5358,71.7033,24.3071,22.7211,71.5782,12.7229,25.099,71.4554,1.46825,26.4343,71.1211,-9.07788,26.5629,70.9116,-20.0251,26.1484,70.6133,-30.5111,24.6656,70.4275,-41.5965,22.8119,70.0636,-51.7905,19.4636
73.1601,295.226,44.5407,73.6031,273.836,46.4191,73.5254,254.306,47.1857,73.4502,236.353,47.2026,73.3669,217.785,46.2561,73.0672,198.787,44.7038,72.9875,181.368,42.2647,72.9018,163.689,39.2179,72.9931,145.974,35.2851,73.0649,128.958,30.8124,73.1135,112.588,25.1832,73.1451,97.3514,18.8671,73.3027,81.0671,12.0896,73.4264,65.4335,4.74871,73.7634,52.4159,8.91935,74.2009,39.6834,14.8004,74.4459,27.0526,19.6938,74.8776,14.6486,22.9124,75.1338,2.79634,25.4476,75.5396,-9.21031,27.1894,75.8706,-20.8863,27.7545,76.223,-32.3422,27.5513,76.7531,-43.7145,26.2673,77.1637,-55.1481,24.2355,,,,,,
73.6781,293.856,44.7515,74.1143,276.493,45.9874,74.5055,257.911,47.2961,74.8471,238.655,47.4805,74.944,221.969,46.805,75.2286,204.64,45.4572,75.487,188.658,42.9653,75.894,171.387,39.9929,75.8924,156.107,35.9403,76.2246,139.818,31.4233,76.3569,125.276,25.8233,76.5576,106.365,21.0379,76.9258,91.1934,14.6015,77.2645,77.4736,7.18247,77.7192,64.2216,7.24385,78.1456,52.5742,13.3112,78.5059,41.1602,18.4732,78.9335,30.0307,22.5417,79.2935,19.1688,25.672,79.6961,8.33928,27.9852,80.031,-2.1942,29.2548,80.5006,-12.884,28.0217,80.8705,-23.5203,27.1518,81.1813,-33.6464,25.219,81.6491,-44.0875,22.7361,81.8316,-53.6383,18.4999
72.9025,296.566,44.5917,72.6085,274.922,46.7501,72.0974,256.311,48.0589,71.6177,239.192,48.1088,71.1732,220.213,47.8207,70.3321,202.697,46.5163,69.7562,185.634,44.4703,69.024,168.962,41.6016,68.7395,150.576,38.3462,67.917,134.852,34.1774,67.5043,118.351,28.9511,66.9489,102.936,23.3706,66.1085,87.8199,16.8804,65.4904,72.1401,9.66409,64.9139,57.4908,2.68411,64.6057,42.0307,11.5059,64.115,30.6676,17.5889,63.563,19.8631,22.6756,63.0975,8.98041,26.8103,62.713,-1.87103,30.1081,62.1715,-12.2599,32.2721,61.59,-22.2571,33.1671,61.116,-32.4052,33.5094,60.5243,-42.2193,32.7837,59.5053,-51.8605,28.9297,,,
73.1856,305.252,43.4912,73.3917,285.609,45.5449,74.059,265.14,46.8405,74.2047,247.481,47.3776,74.7712,229.299,45.7074,74.8583,212.332,44.4154,75.129,194.844,42.3135,75.5584,177.059,39.521,75.7635,161.399,35.6053,75.93,145.36,31.0376,76.059,129.096,25.9438,76.3494,114.609,19.6245,76.3978,98.112,13.3039,76.5866,82.7821,5.86884,76.7988,69.9358,6.07488,76.992,57.6601,12.0592,77.0155,45.9844,16.8383,77.1361,34.1979,20.5932,77.2391,23.3535,23.1299,77.3024,12.4296,25.0609,77.3763,-0.56251,27.0782,77.4836,-10.8031,26.7578,77.5479,-21.0371,25.7822,77.6662,-31.2163,23.9591,77.7427,-41.1705,21.253,77.8574,-51.0787,17.6553
72.8916,290.972,45.2127,72.6042,272.374,46.9102,72.0943,255.189,47.7666,71.8486,237.042,48.2436,71.3931,218.298,47.5019,70.9675,201.028,45.9808,70.758,184.321,42.0641,70.3707,167.858,38.6614,70.389,149.665,34.7337,70.0204,134.835,29.3264,69.8547,118.405,23.8628,69.6906,101.926,17.5705,69.3568,87.0297,10.3249,69.189,72.0536,2.64977,69.2074,59.2251,9.50623,68.9522,47.0547,15.5166,68.8618,34.8822,20.7797,68.7802,23.0681,24.8429,68.5865,11.8676,27.7545,68.5331,0.504939,30.0456,68.3814,-10.798,31.1895,68.2363,-21.4934,31.2197,68.0201,-32.2869,30.6059,67.9087,-43.1176,28.8246,67.7082,-55.3218,27.9175,,,
73.1666,298.08,44.0914,73.3643,277.738,45.7942,73.295,256.595,47.2851,73.4633,239.608,47.099,73.155,218.633,47.2046,73.0814,200.497,46.0636,72.8028,183.773,43.8021,72.7263,165.915,40.8713,72.4619,149.388,37.2715,72.2041,134.042,32.3235,71.9546,117.801,27.2841,71.8754,102.147,21.5044,71.888,87.0831,26.8044,71.5951,86.7493,11.4506,71.1898,71.352,3.96874,71.2153,58.4545,7.7757,70.8499,46.7473,13.5247,70.6519,34.5812,18.614,70.3437,23.0417,22.3946,70.18,11.5389,25.1892,69.8067,0.5821,27.0416,69.569,-10.3366,27.7571,69.3515,-21.1669,27.647,69.0591,-31.9018,26.7958,69.0584,-42.9569,25.0746,68.5194,-52.7776,21.7177
72.9012,296.622,44.3234,73.1006,272.471,46.6431,72.5736,256.501,47.3074,72.5334,236.122,47.7087,71.8291,218.442,46.811,71.5985,200.255,45.4885,71.3818,181.761,43.6243,70.9737,165.526,40.1881,70.6001,148.186,37.021,70.2654,127.528,33.4396,70.0987,111.758,28.3131,69.938,95.3731,22.5418,69.7757,79.6123,16.0709,69.3076,64.7454,8.54565,69.2273,51.0439,7.13308,69.0006,38.8666,14.3652,69.052,26.8146,20.2821,68.9922,14.5846,25.5028,68.8076,3.60078,28.7151,68.7669,-7.94584,31.5403,68.7322,-19.203,33.3766,68.7078,-30.5712,34.3359,68.6857,-41.7585,34.3112,68.5668,-52.1582,33.0429,,,,,,
73.436,299.425,44.3994,73.135,284.113,46.2899,73.078,262.351,48.2698,73.4832,242.722,48.4178,73.6333,225.705,47.9323,73.7584,208.024,46.7601,74.0664,189.948,45.2016,74.5334,172.57,42.3417,74.7623,155.717,39.1463,75.3221,139.528,34.8894,75.7986,121.958,30.2972,76.0731,106.863,24.0451,76.2937,91.1517,18.226,76.4639,75.4774,11.0832,76.5952,60.3585,3.08747,77.3109,47.2898,8.45603,77.5369,34.7536,14.5601,77.9651,22.8474,19.8155,78.3125,11.0893,23.7807,78.612,-2.62812,28.1597,78.9097,-13.8253,30.1883,79.2347,-24.6904,31.2007,79.5678,-35.3794,31.4815,79.9756,-46.0941,30.5588,80.3552,-56.6392,29.1906,,,
73.3366,268.753,46.7486,73.5085,249.609,47.7317,73.4324,232.056,47.2682,73.135,214.791,46.1536,73.0637,197.888,44.6705,73.1822,179.738,42.2059,73.2838,163.022,38.9779,73.1631,146.076,32.7812,73.2283,129.671,28.0215,73.2657,113.18,21.9447,73.133,98.924,15.6634,73.1349,82.8917,8.6009,73.1471,68.6085,3.90506,73.0995,56.2333,10.5555,73.0498,44.551,16.1986,72.9906,32.4052,21.0543,72.9267,20.6568,24.8811,72.7411,9.21649,27.4868,72.6698,-2.32095,29.3907,72.5922,-13.4284,30.2603,72.3141,-23.8318,29.8768,72.2279,-34.6728,28.7763,72.2177,-45.7373,27.2432,71.941,-55.614,24.0646,,,,,,
73.4009,289.851,44.36,73.0931,272.774,45.1104,73.0341,253.374,45.4442,72.9731,235.578,44.5922,72.9055,217.094,43.079,73.0423,198.241,40.7807,73.1504,177.498,38.4263,73.0545,160.873,34.5778,73.1373,144.75,29.7003,73.1951,127.727,24.537,73.0658,112.483,18.2182,72.9271,97.0426,11.4623,73.0965,82.1313,4.12118,73.1993,68.6337,10.9796,73.1469,56.3515,16.9012,73.2205,43.9789,21.7865,73.3978,31.6241,25.4797,73.5455,19.7117,28.3851,73.6641,8.43645,29.8911,73.7506,-3.02494,30.7111,73.9081,-14.3297,30.4,73.9301,-25.4827,29.2994,73.9265,-36.3973,27.5515,73.9791,-47.137,24.6603,73.9132,-57.6186,20.7082,,,
73.4442,302.326,43.9459,73.3852,282.824,46.2385,73.5625,262.488,47.7605,73.7262,245.011,48.2639,74.0766,224.726,48.1009,74.1836,207.131,46.9238,74.4712,189.172,44.9405,74.9214,171.846,42.2977,75.3212,155.127,38.512,75.8408,137.612,34.4659,76.1434,122.046,29.184,76.7015,104.718,23.5387,77.3501,88.246,17.4547,77.5727,70.503,10.9288,78.3609,55.2399,4.00168,78.6857,42.4006,11.1828,79.1948,29.8559,17.4164,79.6196,17.8845,22.4299,80.1754,6.01195,26.75,80.627,-5.5451,29.8042,81.1642,-17.0961,32.0918,81.5943,-28.2082,33.3532,82.3049,-40.1192,32.4147,82.7919,-51.2644,31.5915,,,,,,
73.4279,296.546,44.8494,73.3653,276.219,47.0333,73.7822,256.405,48.7426,73.7001,239.468,48.2725,73.6142,221.613,47.9901,73.5245,204.218,46.623,73.8291,184.714,45.0307,73.7144,167.607,42.2563,73.7911,152.573,38.1886,74.0145,135.137,34.2263,74.0399,119.615,29.0398,74.5245,102.401,23.6549,74.6476,87.4271,16.9496,74.7288,71.9208,9.66986,74.9323,57.0933,2.7834,74.9267,45.0079,10.0743,75.0268,32.6378,16.6472,75.1039,21.0752,21.8216,75.1463,9.34992,26.1177,75.1669,-1.86431,29.3714,75.1114,-15.5266,33.0996,75.174,-26.3364,34.5841,75.1092,-37.1034,34.9789,75.0286,-47.3858,34.3597,74.9924,-57.9463,33.0788,,,
72.9102,299.322,44.6813,73.3727,278.853,46.6159,73.07,259.963,48.1735,73.0147,241.518,48.6243,73.163,218.431,48.7805,73.0942,201.244,47.8267,73.4182,182.879,45.8172,73.3232,165.903,43.4252,73.4078,149.532,39.6998,73.4721,132.989,35.735,73.5017,116.99,28.4181,73.6828,100.98,22.2453,73.8305,85.041,16.0339,74.0897,69.2597,8.88836,74.339,55.6374,3.6807,74.6343,43.3895,11.0321,75.012,31.5967,17.1621,75.4513,19.9695,22.503,75.824,8.75278,26.4132,76.2416,-2.24605,29.4384,76.7806,-13.4159,31.7114,77.1462,-23.8991,32.8449,77.5258,-34.3025,33.1325,77.9949,-44.5857,32.358,78.4405,-54.8924,30.6841,,,
72.9039,296.499,44.8617,72.6143,277.46,46.8437,72.3396,257.514,48.099,72.0814,240.355,48.1372,71.8361,221.366,47.6079,71.8195,202.967,46.6636,72.2008,183.541,44.878,71.5689,168.746,41.824,71.5381,152.036,38.1504,71.3192,135.12,33.7008,71.2837,118.227,29.1316,71.2328,102.562,23.2834,71.3274,86.9025,16.6779,71.2569,68.4508,10.9167,71.3156,53.3027,4.24569,71.4983,41.4339,10.8315,71.7867,28.9242,16.9606,72.0349,17.2519,21.7502,72.2479,5.75752,25.691,72.2395,-4.66195,31.093,72.4252,-5.53808,28.5605,72.569,-16.5975,30.4191,72.7626,-27.8039,30.1685,72.9228,-38.5619,29.836,72.9578,-49.2266,28.7398,73.043,-59.4433,26.5551
72.8969,290.725,46.2761,72.8626,270.675,49.3879,72.86,270.764,48.884,72.5859,252.403,50.8153,72.1006,234.351,52.1011,71.8627,216.824,51.9128,71.6322,199.781,50.2188,71.2158,183.05,48.4418,70.8302,165.164,46.1494,70.2764,149.366,42.6053,69.9477,131.993,38.7699,69.4627,115.877,33.9334,68.8405,100.228,28.0601,68.414,85.1192,21.753,67.7079,70.3337,14.6894,67.3458,54.7187,7.07417,66.9372,41.0477,4.55156,66.5708,28.962,10.117,66.273,16.6344,15.0948,65.7692,5.24787,18.5925,65.2518,-6.58779,21.5673,64.7985,-17.9645,23.3398,64.364,-31.7808,25.7861,63.9856,-42.7656,26.0364,63.4912,-53.4259,25.1115,,,
72.9252,308.139,43.308,72.3727,286.694,46.145,72.1065,267.178,47.747,71.3878,247.963,48.9626,70.4815,232.486,48.3549,70.0879,214.052,47.6288,69.5154,196.089,46.3205,68.8277,173.61,44.766,68.1477,157.812,41.4159,67.7189,140.288,37.3742,67.3171,124.068,33.0061,66.7687,108.298,27.5192,66.4347,91.9602,21.5952,65.9544,76.6616,14.8321,65.5056,61.3416,7.26213,65.3578,48.8155,8.74408,64.9502,36.9833,15.7698,64.7342,25.1801,21.6806,64.4282,14.0236,26.3496,64.1924,2.65166,30.2324,63.9936,-8.31465,32.9548,63.7383,-19.2047,34.5422,63.4467,-29.8975,35.4762,63.2157,-40.5874,35.4378,63.0142,-50.9083,34.2558,,,
72.9115,299.247,44.9536,72.6229,279.9,47.4584,72.5913,259.713,49.1777,72.5569,241.265,49.8239,72.0765,224.152,49.9987,72.0511,207.497,48.8066,71.8141,191.118,46.854,71.5876,175.078,44.2281,71.7517,157.183,41.1421,71.7065,141.358,36.6854,71.4769,127.206,31.3352,71.5945,110.95,26.0855,71.6835,95.2554,19.6522,71.5933,80.5296,12.4992,71.6375,65.2867,4.6717,71.7688,52.8358,7.00651,71.9237,37.6571,14.4894,71.797,26.6491,18.8026,71.7984,15.0416,22.8751,71.8995,3.83096,25.5627,71.8749,-7.02157,27.4501,71.7382,-17.6111,28.148,71.6809,-28.7428,26.7089,71.5345,-39.1342,25.4018,71.386,-49.5353,23.4243,71.1481,-59.7089,20.3299
73.4466,302.197,44.4909,73.3948,283.9,47.3306,73.0837,260.783,50.2022,73.264,241.009,52.1566,72.9811,223.985,52.4531,73.1426,208.31,51.8583,72.8668,190.08,51.1594,72.8039,173.371,49.5366,72.5481,157.888,46.7317,72.2874,142.092,41.3371,72.221,125.448,37.4229,71.9765,109.966,32.0022,72.0598,94.5198,26.3866,71.6574,80.4228,19.5393,71.564,65.3572,12.4512,71.3134,51.1383,4.39093,71.1951,39.4258,7.9447,70.9999,28.3654,14.8379,70.9468,16.7291,21.0899,70.7767,6.06324,25.8009,70.6207,-4.24361,29.573,70.4762,-14.7337,32.2602,70.2498,-25.0538,34.2254,70.0393,-35.0101,35.0917,70.0186,-45.4462,35.0918,69.7456,-55.0768,34.0558
72.9066,296.376,45.3993,72.8676,276.003,47.8171,72.8269,256.095,49.7529,72.0947,238.907,50.4466,71.6338,223,50.422,71.4168,204.434,49.7965,71.2119,186.487,48.3806,70.8157,170.737,45.7517,70.2577,154.508,42.5457,70.106,136.751,38.8172,69.8107,117.243,35.4701,69.3393,102.172,30.1561,69.0593,86.527,24.3837,68.6294,71.8268,17.4587,68.3729,56.717,10.2171,68.1554,43.2786,5.51146,67.9896,31.6794,12.2946,67.8501,20.4562,18.2519,67.4856,9.70214,22.5258,67.295,-1.49024,26.3185,67.0253,-12.3158,29.0031,66.7923,-22.9893,30.6575,66.3966,-33.1818,31.1818,66.7996,-43.029,37.3248,66.0582,-43.4039,30.9784,65.6768,-53.5553,29.6268
73.1575,292.209,45.7867,73.1105,272.074,48.6769,73.293,251.383,50.5006,73.0071,234.611,51.1451,73.1686,216.107,51.371,73.3111,199.153,50.5273,73.4326,182.638,48.7039,73.7203,165.024,46.3467,73.7892,148.039,43.4464,74.0148,131.741,39.3411,74.0439,116.577,34.5656,74.3612,99.7012,29.2028,74.6493,85.109,22.8587,74.8733,69.0736,16.2851,74.9265,54.907,8.17308,75.0966,40.4105,3.73852,75.1789,27.9823,10.5563,75.2386,16.3753,15.8283,75.376,4.47861,20.7304,75.5806,-7.06492,24.4228,75.681,-20.6188,28.3901,75.7001,-31.2324,30.0852,75.8496,-42.0361,30.7729,75.9418,-52.7265,30.7606,,,,,,
72.9192,302.024,45.0469,72.6315,280.962,48.5449,72.6064,261.768,51.0123,72.1149,237.302,53.8937,71.8807,220.513,54.3502,71.6603,203.075,54.2545,71.4577,184.369,54.0382,71.2621,168.053,52.5443,71.0748,152.217,50.2171,70.8973,135.488,47.1179,70.7303,119.414,43.7801,70.5606,103.917,38.9306,70.2187,88.2645,31.3457,70.0548,73.7737,25.0277,69.7492,58.7634,18.0496,69.5916,43.9352,10.6595,69.5613,28.95,2.76396,69.5832,17.6164,9.39406,69.3879,6.45608,16.0422,69.3299,-4.40841,21.8696,69.2881,-15.4866,26.8228,69.1454,-25.6358,30.321,69.1189,-36.0686,33.059,69.0106,-46.188,34.8022,69.0758,-56.3714,35.6434,,,
73.673,290.805,46.2567,73.8507,270.876,48.8573,74.0089,252.706,50.0471,74.1531,235.923,50.6914,74.0501,218.366,50.3183,74.3619,200.383,49.2419,74.4365,182.921,47.6269,74.499,166.83,44.9764,74.5431,151.171,41.1929,74.74,134.6,37.3116,74.7397,119.2,32.3785,75.0476,103.771,26.8301,74.9961,88.7448,20.5009,75.3714,73.3384,13.4984,75.0882,56.5881,6.72184,75.2952,42.9353,8.21905,75.2566,31.4106,14.8164,75.3238,19.9994,20.5947,75.3611,8.70925,25.2874,75.3776,-2.11171,29.0125,75.4666,-12.9676,31.7109,75.3291,-23.6082,33.6806,75.1804,-33.9031,33.119,75.1847,-44.4171,32.9728,75,-54.5724,31.7315,,,
73.1581,290.644,46.798,73.1113,270.644,49.6352,72.8272,252.306,51.534,72.5575,233.249,52.7266,72.0883,215.725,53.1812,71.6497,198.635,52.7241,70.8216,183.719,49.7321,70.4533,166.562,47.6107,69.9153,150.668,44.1912,69.5974,134.552,40.4804,69.1248,118.885,35.8914,68.8423,103.729,30.5204,68.5668,88.9875,24.1667,67.9974,74.5229,17.171,67.7577,59.6096,9.65977,67.404,45.2558,3.08785,67.1435,34.6244,10.9236,66.9359,23.5343,18.0572,66.6365,13.0576,24.0658,66.3854,2.59762,29.1258,66.1671,-7.54874,33.003,65.7738,-17.2647,35.698,65.4448,-27.1377,37.587,65.2982,-39.5213,40.0522,64.9746,-48.9875,39.744,64.6912,-58.1536,38.6932
73.4561,305.076,44.308,73.4049,286.513,47.4321,73.5985,268.097,50.2678,73.7594,247.702,52.4798,73.6807,230.175,53.2118,73.6046,213.995,53.241,73.5217,197.169,52.5501,73.433,179.925,51.2361,73.3274,159.427,49.8304,73.0533,144.262,46.3661,72.9614,128.205,42.7671,72.8641,112.706,38.2907,72.7596,97.707,32.8961,72.4947,83.1226,26.8897,72.2335,68.955,20.2028,71.97,54.7099,12.6882,71.9766,40.5665,4.60378,71.8453,28.8256,9.84699,71.6118,17.8751,15.3265,71.5142,7.0307,20.1451,71.4188,-4.0007,23.9617,71.3219,-14.4064,26.408,71.1319,-24.6814,28.1763,70.9509,-35.0269,28.9124,70.7767,-44.9945,28.6695,70.6066,-55.152,27.4625
72.9115,299.247,44.9536,72.374,281.097,47.7751,72.114,259.477,50.177,71.6396,242,51.3238,70.9739,224.773,51.6771,70.568,207.919,51.0972,69.9933,189.58,50.0507,69.4556,172.712,47.9238,68.7602,157.033,44.8537,68.128,140.295,41.2623,67.7259,123.522,37.2761,66.9869,109.029,31.8164,66.6357,93.8454,26.1661,66.3191,78.0905,19.8467,65.9942,63.8061,12.5557,65.6948,49.0034,4.59365,65.4428,36.6329,6.91577,65.5468,21.8542,15.0558,65.3149,10.9585,20.1813,65.2391,0.173676,24.4506,65.1986,-10.7562,27.8005,65.0523,-20.892,29.786,64.9667,-31.4893,31.3178,64.7899,-41.3761,31.5713,64.7494,-51.5597,31.2021,,,
72.9066,296.376,45.3993,72.6169,274.614,48.2846,72.3483,254.785,50.2032,72.3219,230.141,52.1113,71.8616,213.862,51.9851,71.6399,196.048,51.3154,71.4332,177.938,50.2397,71.2347,161.307,48.1215,70.8621,144.453,45.0503,70.687,127.601,41.1593,70.3273,111.897,34.3932,70.0077,95.6138,29.0692,69.6949,80.4467,22.6717,69.3986,64.8349,15.7438,69.2502,49.4193,8.0951,69.0069,35.758,3.74016,68.6872,23.3074,10.4405,68.5325,11.172,16.3161,68.2849,-0.469957,20.8885,67.9674,-11.8973,24.3922,67.6951,-22.9946,27.0728,67.4626,-34.0058,28.714,67.2781,-45.1851,29.6517,67.1043,-55.6536,29.3437,,,,,,
72.8895,282.222,48.8507,72.6147,264.064,51.6209,72.5871,245.105,53.589,72.1119,226.547,55.1387,72.0968,207.669,55.7998,71.6677,192.089,55.3084,71.6588,174.422,54.064,71.2662,158.834,51.8678,70.9016,142.237,49.2205,70.7279,126.288,45.3868,70.3977,110.243,41.0499,70.2417,94.8474,35.9708,69.8127,76.5127,31.1763,69.6734,61.5198,24.7831,69.3848,47.3936,17.3131,69.2347,33.3609,9.35481,69.4016,20.2535,6.32336,69.3343,9.21788,13.6645,69.3925,-1.85135,20.0274,69.4384,-12.1691,25.0108,69.388,-22.5073,29.2324,69.3321,-32.7345,31.6149,69.3767,-42.922,33.5495,69.414,-52.7374,34.6872,,,,,,
73.1537,289.301,46.7499,73.3515,268.112,50.0244,73.0566,248.81,52.08,73.2321,230.058,53.6815,73.5989,211.974,54.0094,73.7161,194.508,52.6079,73.8179,177.517,51.2928,73.9002,161.091,48.9085,74.1383,143.813,46.0893,74.1741,127.859,42.3085,74.3552,111.911,37.8107,74.6609,96.0679,32.7287,74.7802,81.7813,26.372,75.1256,64.8269,20.2805,75.1588,50.2787,12.7213,75.2809,35.1473,4.91563,75.5829,23.1174,7.19434,75.8533,11.5584,14.0131,76.169,-0.18418,20.143,76.4203,-11.5176,25.0395,76.6213,-22.1979,28.8653,76.7572,-32.9251,31.6592,77.008,-43.5134,33.4594,77.1007,-55.865,35.8578,,,,,,
72.9268,306.447,44.3653,72.8878,283.743,47.8637,72.8497,263.082,50.5662,72.5793,245.345,52.1654,72.7642,224.892,52.9683,72.7203,208.101,52.9639,72.6694,190.823,52.0489,72.8068,172.477,50.5004,72.5494,152.61,49.1854,72.4836,135.921,46.102,72.4118,119.258,42.4151,72.3348,103.297,38.0847,72.246,87.9302,32.4166,72.1549,72.6991,26.9973,71.9078,58.3882,20.201,71.8935,43.0163,9.12379,71.7752,29.0607,2.67826,71.5454,17.0247,9.15426,71.4519,4.98859,14.7627,71.1443,-6.28756,19.1055,70.9694,-17.7175,22.6552,70.8088,-28.7548,25.2886,70.561,-39.3966,26.334,70.4278,-50.0519,27.2696,,,,,,
73.4378,297.667,45.9728,73.6313,277.039,49.386,74.0179,252.289,52.4648,74.1584,234.375,53.8834,74.4847,214.935,54.8011,74.5773,198.064,54.6658,74.6462,180.812,53.8519,74.8774,162.649,52.5992,74.9002,145.982,50.2024,74.7346,129.911,47.1308,74.7306,113.874,43.2785,74.7009,98.3673,36.1796,74.8078,82.5176,30.6457,74.8834,66.9118,24.9313,74.7888,51.8871,17.9485,74.9408,37.1615,10.4249,75.0497,22.7026,2.6729,75.0026,11.7564,8.73227,74.9335,0.446434,14.5395,74.9545,-10.756,19.5445,74.9546,-21.4043,23.2818,74.742,-31.8612,25.8404,74.6107,-42.4495,27.8819,74.3906,-52.5353,28.7764,,,,,,
72.9058,293.357,46.6395,72.3767,275.579,49.6209,72.1214,256.819,51.7821,71.6544,238.375,53.5025,71.4412,218.433,54.2576,70.8156,202.02,53.8138,70.2364,185.9,52.9675,69.8965,168.596,51.0946,69.3944,151.837,48.4443,68.9326,135.637,45.4806,68.5058,119.354,41.5573,67.9448,103.602,36.8598,67.4218,88.392,31.4943,66.9284,73.6579,25.2618,66.5621,55.0837,19.9798,65.8665,41.0402,12.733,65.326,27.3544,4.16257,64.9866,15.4238,10.2806,64.4802,4.29556,16.1536,64.0711,-6.91601,21.2799,63.3878,-17.4633,24.333,62.8297,-27.9803,27.0919,62.2768,-38.3179,28.9519,61.7482,-48.6258,30.0244,61.1391,-58.6761,29.8136,,,
73.3948,283.895,47.3315,73.099,266.977,49.4736,73.2767,245.56,51.4302,73.2203,229.242,52.0269,73.5779,209.291,52.3248,73.6968,191.971,51.4195,73.9836,174.477,48.5141,73.858,156.707,46.0229,73.9142,140.397,42.2885,73.9548,124.634,38.1623,73.9604,107.059,33.5572,73.9607,91.9203,27.7628,73.9324,75.8263,21.7949,74.1723,60.4734,14.5956,74.3662,45.3398,7.1558,74.6919,31.5234,4.82376,74.9081,19.3413,11.7237,75.0867,8.00039,17.0882,75.4349,-3.53204,21.8042,75.7188,-14.7047,25.4849,76.1335,-25.6343,28.2637,76.379,-36.2482,29.8616,76.7999,-47.0268,30.835,77.0597,-57.2719,30.5667,,,,,,
73.1895,305.054,44.3138,72.378,285.099,47.4068,72.1218,265.447,50.448,71.8794,244.093,52.3698,71.4287,226.709,53.1266,71.006,210.664,52.9692,70.6221,191.261,52.3981,70.0602,175.107,50.8014,69.7394,157.108,48.6375,69.1098,137.042,46.415,68.8594,119.483,42.9126,68.4496,103.822,38.4743,68.0628,88.6995,33.1835,67.557,73.5408,27.3633,67.08,58.8971,20.8048,66.7754,43.9442,13.5527,66.3408,29.8372,5.54911,65.9878,18.417,8.6922,65.7698,6.53043,14.5857,65.3328,-3.86587,18.8548,65.0856,-14.6096,22.587,64.7775,-25.0007,25.1923,64.5287,-35.4195,26.8921,64.1476,-45.503,27.6725,63.8115,-55.2655,27.3306,,,
73.7078,300.7,44.9823,74.1561,282.459,48.3009,74.7893,262.023,50.9526,75.143,244.464,52.7423,75.8759,224.223,53.7109,76.1477,208.582,53.7014,76.5718,191.454,52.9224,77.1341,174.079,51.5255,77.6356,157.365,49.2683,77.913,141.918,45.9362,78.1406,126.291,42.136,78.4741,110.069,37.6075,78.7609,94.5175,32.3535,79.1436,79.1255,26.4837,79.2057,65.133,19.4858,79.3542,50.7534,11.9948,79.4636,36.8289,3.65652,79.8036,24.6924,7.84843,79.8623,11.0898,15.7163,79.9649,0.310352,21.3446,80.0276,-10.0176,25.6948,80.1229,-20.5272,29.1983,80.0834,-30.5598,31.6664,80.088,-40.4563,33.2632,80.0504,-50.1445,33.5546,,,
72.9192,302.03,45.046,72.8842,282.441,47.8131,72.8471,263.169,50.071,72.8096,244.27,52.1023,72.5426,226.999,52.4025,72.7093,204.362,52.7608,72.6567,186.508,51.8215,72.6017,170.091,49.9938,72.5397,153.413,47.3225,72.4683,137.31,43.2328,72.3953,121.098,39.3048,72.3112,104.894,34.2278,72.2212,89.3235,28.6668,72.2411,73.1695,19.1409,72.1174,58.1973,11.7008,71.8399,43.6367,3.27958,71.9712,30.94,8.56223,71.861,18.6775,15.579,71.6432,7.27493,21.4378,71.4408,-3.93267,26.0064,71.1561,-15.1157,29.83,70.898,-26.1878,32.5955,70.5733,-36.5244,34.36,70.2826,-47.0912,35.2871,70.097,-57.584,35.1974,,,
72.9215,305.092,44.0466,72.3726,283.906,46.8347,71.8643,263.328,48.6075,71.1602,244.441,49.5445,70.5112,225.962,49.9251,69.6942,207.97,49.1713,68.9479,189.548,47.8072,68.4607,171.793,45.9475,67.6398,153.821,42.9203,66.876,137.211,39.0984,66.1956,119.866,34.9341,65.5503,103.788,29.5038,64.8228,87.1276,23.7095,64.1335,71.5923,16.9535,63.3537,56.0163,9.17875,62.961,40.4509,2.76579,62.491,27.9809,10.3977,62.1826,12.2982,18.9677,61.8071,0.354943,24.6386,61.3848,-10.803,29.0451,61.1121,-22.5557,32.9013,60.6061,-33.3923,35.4669,60.2293,-44.2523,37.1832,60.5301,-53.6449,38.7946,,,,,,
72.9091,297.807,45.1771,72.876,278.49,48.175,72.8232,249.948,51.9038,72.1049,233.149,52.972,71.8732,213.651,53.7457,71.6549,196.746,53.4714,71.4495,177.783,52.4549,70.8599,161.922,48.9566,70.6822,145.782,45.6734,70.5232,127.532,42.2478,70.1986,111.318,38.0178,70.2119,94.7303,33.0305,69.8983,79.7378,26.8334,69.6075,63.8712,20.4146,69.5937,48.7086,12.7545,69.4389,33.3488,5.05915,69.5355,20.0295,6.87885,69.5754,7.7135,13.462,69.5071,-4.50578,19.0631,69.6616,-16.8408,23.8897,69.6975,-28.3934,27.499,69.7304,-39.7896,30.1607,69.8464,-51.3824,32.0924,,,,,,,,,
73.4064,288.007,46.6932,73.8416,268.28,49.5068,73.995,249.096,51.0927,74.3534,230.452,52.0415,74.889,212.396,52.2079,75.1521,194.067,50.6086,75.5897,177.229,48.7455,75.9802,160.911,46.2388,76.4897,143.747,42.9395,76.9413,127.287,39.0362,77.3498,112.06,34.1052,78.0082,96.3189,28.5904,78.4259,80.6604,22.5077,78.786,65.6138,15.4772,79.2212,50.7426,7.811,79.8577,36.6519,4.35457,80.2926,24.5862,11.1933,80.7424,12.5294,17.1901,81.3227,0.901565,22.0124,81.6844,-10.3922,25.7736,82.1191,-21.8513,28.8337,82.5481,-32.8066,30.6834,82.7823,-45.5014,32.8283,83.1219,-56.0345,32.8208,,,,,,
73.1949,308.087,43.5792,73.155,289.254,47.0121,72.8635,271.996,48.9372,73.0595,251.228,51.2318,72.7858,235.542,51.9014,72.9571,216.977,52.0941,73.1073,199.978,51.0083,73.0376,183.336,49.5827,73.1572,167.195,47.2584,73.2564,151.498,43.9696,73.3212,132.228,41.0329,73.7099,115.913,36.3373,73.9022,101.865,30.7223,74.2126,87.1384,24.6107,74.4751,72.3765,17.8233,74.8349,57.7001,10.4825,75.0334,44.5522,5.08752,75.2773,32.7872,13.9742,75.4788,21.7312,20.6736,75.636,10.7703,26.2978,75.7583,0.225916,30.7261,75.9381,-10.5496,34.5698,75.9923,-20.4215,37.2727,76.1015,-30.3303,38.8351,76.1664,-40.2158,39.4628,76.3442,-50.2618,39.3093
73.1671,296.461,45.1244,72.8618,273.447,47.9712,72.1034,257.345,48.8448,71.6258,239.02,49.2863,70.9584,222.049,49.0448,70.5568,203.491,48.2785,69.7627,187.249,45.9909,69.4242,170.56,43.4271,68.9219,153.528,39.9202,68.6387,137.081,36.1615,68.1861,121.741,31.155,67.7735,105.603,25.5976,67.547,89.5069,19.2729,67.0066,74.8568,12.1068,66.4992,60.0942,4.29252,66.2042,46.8851,7.37928,65.8853,34.412,13.6817,65.3342,23.2429,18.361,65.0107,11.1612,22.5713,64.6026,0.0286468,25.4069,64.0787,-11.5788,27.6843,63.7657,-25.2444,30.3643,63.3039,-36.1718,30.5779,62.7531,-46.9076,30.0979,62.0911,-57.0891,28.2804,,,
73.4395,299.236,45.211,73.1351,281.129,48.0136,73.3293,262.04,50.0026,73.0389,243.2,52.0395,73.2074,225.024,52.5,73.1411,207.303,52.2465,72.8624,187.411,51.856,72.7985,170.109,50.3791,72.7309,154.175,47.7212,72.6588,138.013,44.7024,72.7505,122.443,40.5292,72.6595,107.334,35.8858,72.5386,92.0221,27.7416,72.5768,76.8367,21.416,72.5902,61.7191,14.3745,72.5786,47.113,6.42544,72.7548,34.3252,5.83673,72.8433,22.7127,12.139,72.9113,11.5154,17.2843,73.0706,0.490886,21.4356,73.0918,-10.4081,24.5504,73.0954,-21.0809,26.7633,73.2677,-31.6159,28.1953,73.3079,-42.017,28.2162,73.3202,-52.6378,28.2727,,,
73.7078,300.705,44.9814,73.6427,281.122,48.2606,73.8228,263.199,50.539,73.9667,242.082,52.8975,74.098,223.958,53.7702,74.4219,206.418,53.6599,74.5016,188.432,53.4828,74.7509,170.394,52.0606,74.6271,154.348,55.1539,74.6071,154.5,49.7062,74.7971,136.457,47.0382,74.7905,119.875,42.929,74.9414,104.602,38.6927,74.8891,88.2594,33.5863,75.1133,72.2619,27.6044,75.2913,56.5686,21.0931,75.3014,41.9252,13.8477,75.4049,27.454,5.47051,75.4695,11.2252,8.21936,75.4829,-0.350076,15.3973,75.568,-11.9327,21.7033,75.5253,-22.818,26.7735,75.5445,-33.7328,31.2214,75.5308,-44.3168,34.3981,75.4799,-54.8322,36.6465,,,
73.436,299.42,44.4003,73.8743,277.475,47.3279,74.0197,255.102,49.6632,74.3875,237.104,50.266,74.7175,219.483,50.3378,75.0035,201.383,49.6841,75.2621,184.76,48.0688,75.481,167.784,45.9391,75.6772,152.115,42.8586,75.8271,135.526,38.8942,75.9435,119.515,32.2745,76.0468,104.616,26.715,76.2567,88.5928,20.5458,76.1307,73.5577,13.2333,76.2775,58.6818,5.85352,76.4376,45.5716,6.40094,76.4591,33.4675,13.036,76.4666,22.1653,18.6619,76.6736,10.7283,23.3315,76.9481,-0.204414,26.8927,77.1561,-11.2089,29.4591,77.4098,-21.8998,31.1405,77.5169,-32.1899,31.7284,77.7405,-42.5368,31.4963,77.8808,-53.0732,30.5091,,,
73.1531,290.874,45.7385,73.0998,269.703,48.0686,73.0473,250.377,49.4901,72.5416,234.778,49.5334,72.2831,216.207,49.4015,72.0385,198.21,48.4075,71.8067,180.777,46.6645,71.5836,163.124,43.8608,71.0013,147.455,40.4168,70.6337,130.882,36.1481,70.2861,114.87,31.2295,69.9587,98.8267,25.7837,69.6355,83.8342,19.0645,69.1838,68.282,12.1519,69.0824,49.6021,6.13425,68.941,37.1068,9.17294,68.6025,25.9637,14.8281,68.3065,14.7788,19.5853,68.0492,3.64552,23.4259,67.6902,-6.80044,25.201,67.3875,-17.3668,26.7844,67.1272,-28.0385,27.523,66.8844,-38.1788,27.1243,66.6051,-48.7283,26.2272,66.4224,-58.9353,24.071,,,
73.1284,279.954,47.4452,73.0829,262.163,49.2639,73.0293,242.297,50.8022,73.195,223.125,51.4909,73.123,203.653,51.4032,72.852,187.568,49.9944,72.7865,169.416,48.7589,72.7033,152.08,44.409,72.6268,136.028,40.8094,72.8796,118.111,36.9529,72.7726,102.113,31.8464,72.9696,86.3026,26.245,72.9783,70.5762,19.6983,72.9666,55.0829,12.9733,73.062,39.8264,5.13968,73.2155,26.4539,6.92736,73.3921,14.4492,14.0422,73.6455,2.56,20.2738,73.7442,-9.19257,25.5253,73.9132,-20.4283,29.6501,74.0345,-31.7969,32.8999,74.2016,-42.7946,34.9194,74.3943,-53.7287,35.8937,,,,,,,,,
72.8848,285.315,46.6096,72.3583,267.017,48.7446,71.6305,250.093,50.0188,71.4083,231.262,50.5869,70.9862,211.907,50.6058,70.5899,194.206,49.3821,70.0194,177.809,47.4824,69.6834,161.075,44.9123,69.3665,144.855,41.4378,68.8986,128.406,37.376,68.6341,111.961,32.6496,68.212,96.6146,26.8933,67.6528,82.1915,20.5473,67.3527,63.561,14.8853,67.0079,48.9203,7.43352,66.6787,36.1114,8.37492,66.2288,25.0052,15.0702,65.8456,13.8783,20.7497,65.417,2.81159,25.6628,65.1487,-7.82317,29.3863,64.7339,-18.4055,32.1921,64.1498,-28.506,32.7356,63.6789,-38.7632,33.2661,63.2769,-48.8628,32.8409,62.7746,-58.7133,31.5284,,,
73.4227,295.183,44.8038,73.8447,271.164,47.3384,73.9877,249.429,49.1665,74.3447,230.814,49.5091,74.6564,211.742,49.3056,74.9376,194.288,48.0792,75.1696,175.709,46.2625,75.1937,159.389,43.4974,75.5449,141.547,40.1419,75.5024,125.042,33.7314,75.6128,108.582,28.7409,75.6955,92.7708,22.9074,75.5897,76.9925,16.2521,75.7568,61.4572,9.03894,75.8956,46.7181,3.17056,75.9443,34.3605,9.35194,75.9497,21.5036,14.9986,76.0522,9.33075,19.5028,76.0047,-2.60505,22.7647,75.9365,-14.1798,25.1748,76.032,-25.7618,26.6752,75.989,-37.1642,27.1944,75.9845,-48.7485,27.0557,75.8673,-59.7773,25.5428,,,,,,
73.4442,302.321,43.9468,73.3849,281.313,47.2304,73.5689,262.212,49.2515,73.7272,242.345,51.0184,73.6432,224.227,51.301,73.553,205.641,50.8339,73.4622,187.689,49.7619,73.5616,169.599,48.1268,73.4546,152.216,45.5041,73.3449,135.516,42.024,73.2285,118.822,37.8061,73.109,102.807,32.9868,72.825,86.8286,27.3792,72.6947,70.601,21.4494,72.2732,56.2496,14.1602,72.1309,41.1984,6.25281,72.0547,27.2999,5.59018,71.8177,12.1824,13.8353,71.7139,0.479817,19.428,71.5103,-10.9129,24.0209,71.3215,-21.7408,27.4053,71.244,-33.3502,30.3877,70.9915,-43.8014,32.0022,70.8414,-54.6619,32.7956,,,,,,
73.4401,300.874,44.1729,73.3727,278.858,46.6151,73.5512,258.755,48.6039,73.4667,237.043,49.8284,73.3875,218.358,49.6687,73.5164,200.313,48.6308,73.2264,183.597,47.0976,73.3324,166.629,44.4428,73.2353,150.158,41.446,73.307,132.918,37.9499,73.3449,116.966,30.744,73.2308,101.585,27.7412,73.3812,85.0572,19.2254,73.2179,70.1358,11.9507,73.4754,54.9828,4.65647,73.6463,42.2797,7.50486,73.6882,30.3211,13.518,73.8316,18.502,18.5245,74.0591,6.93258,22.7583,74.2389,-4.6761,26.0202,74.3799,-15.7843,27.9873,74.4816,-26.786,29.3136,74.5458,-37.5226,29.45,74.5758,-47.9755,28.6226,74.5624,-58.6106,27.0282,,,
73.4143,290.78,46.2628,73.1106,272.085,48.6753,73.2964,252.563,50.3123,73.2364,234.616,51.3688,73.1714,217.121,51.1967,73.1039,200.047,50.3665,73.0275,181.696,48.892,73.1434,164.885,46.576,73.0551,148.58,43.5148,73.1325,131.51,39.5904,73.0261,115.696,35.1805,72.9095,99.3065,30.1936,72.788,84.0892,24.2431,72.654,68.4437,17.6945,72.511,53.407,10.4872,72.4933,38.9643,2.70984,72.3493,27.5236,9.5326,72.3338,15.8936,15.7093,72.3107,4.46494,20.8963,72.1723,-9.16661,26.4828,72.0405,-20.0808,29.5794,71.8198,-30.7152,31.7333,71.6126,-41.397,33.0385,71.3946,-51.947,31.6041,,,,,,
73.4525,305.261,43.4872,73.4006,288.29,45.3751,73.8207,266.269,47.1461,73.975,248.562,47.4324,74.5514,228.976,47.7975,74.8225,206.244,47.5126,75.2814,187.506,46.0932,75.5002,170.304,43.624,75.8587,152.243,40.5445,76.171,134.977,36.6476,76.4316,117.814,32.2377,76.3328,101.883,26.9256,76.5194,85.5882,20.9991,76.668,69.9785,14.2667,76.6275,54.4989,6.93195,76.881,40.7275,8.42409,76.8587,28.3636,14.6393,77.149,15.452,20.3502,77.1703,3.70561,24.4429,77.2579,-7.95838,27.5532,77.3836,-19.8249,30.1688,77.4674,-31.0418,31.4504,77.4111,-42.0823,31.7056,77.4647,-53.2355,31.3106,,,,,,
73.6283,278.73,47.3823,74.0341,258.81,48.5907,74.1793,241.576,49.2963,74.2986,223.565,49.4139,74.3964,206.084,48.1881,74.4716,188.137,46.7974,74.7251,170.866,44.5007,74.5798,155.603,40.9084,74.7788,138.67,37.1687,74.7734,122.329,32.7166,74.7562,107.144,26.9426,75.0266,90.9035,21.2208,75.1059,75.7421,14.2989,75.2972,60.6819,6.83307,75.6303,46.8884,5.88961,75.8309,34.7131,12.846,75.9919,23.0217,18.7817,76.215,10.9584,23.9976,76.4322,-3.24114,29.4721,76.5509,-14.3433,32.4453,76.7119,-25.4742,34.6171,76.8244,-36.1875,35.8383,76.8845,-46.7488,35.8749,77.045,-57.2908,35.1958,,,,,,
73.1936,308.155,43.3031,74.1727,562.057,2.53536,73.0974,269.801,47.5629,73.2795,250.573,48.5154,73.2169,232.829,48.9501,73.3635,214.571,48.1575,73.4876,195.887,47.1601,73.7944,178.796,45.0334,73.8745,162.187,42.2965,74.1138,145.427,38.4395,74.1202,125.342,35.4607,74.4596,108.904,30.7409,74.7539,93.1408,25.3205,74.998,77.4737,19.0221,75.3407,62.0183,12.1476,75.3684,48.2892,4.08052,75.5791,35.8221,10.0715,75.8731,23.6417,15.9651,76.1155,11.9859,20.7142,76.4075,0.245702,24.0498,76.7386,-11.3323,26.8273,76.9155,-22.1855,28.2936,77.1152,-33.2902,29.1192,77.3313,-44.3311,29.0584,77.4086,-54.8483,27.9434,,,
72.8936,293.893,44.2365,72.3501,273.837,45.6873,72.3225,253.108,46.447,71.8344,235.154,46.283,71.3768,217.567,45.2129,71.3732,198.569,43.4921,70.752,181.848,40.7498,70.5574,165.605,37.0053,70.197,147.472,33.3936,69.8582,130.068,29.0456,69.6921,114.606,23.1214,69.0778,95.4901,18.0381,68.7517,82.5618,10.1498,68.6678,63.7378,4.4584,68.2913,51.4552,10.8391,67.9688,39.0939,16.619,67.6749,27.4144,20.9771,67.4349,15.4736,24.9468,67.2183,3.89537,27.4586,67.0281,-7.27412,29.0705,66.7499,-18.8481,28.4624,66.6179,-29.9535,28.1857,66.5073,-41.0477,26.9935,66.2236,-51.4896,24.6812,,,,,,
73.1823,303.771,43.7227,73.3727,278.863,46.6142,72.83,261.169,47.9806,72.5541,242.53,48.9215,72.2911,224.387,48.6225,72.044,207.64,47.708,72.0136,189.486,46.1406,71.7793,172.739,43.5286,71.5542,155.701,40.1443,71.3181,139.24,33.695,71.1047,123.232,28.6921,71.2314,106.044,23.1385,71.01,90.5472,16.6273,70.9385,75.5572,9.09913,70.8812,60.7391,3.60711,70.6825,48.5286,10.9903,70.6388,35.9836,17.651,70.4715,24.2114,23.0531,70.3187,12.5224,27.2868,70.1859,0.777866,30.8677,69.9599,-10.4967,33.3333,70.1052,-21.4847,39.0833,69.6587,-21.5732,34.7874,69.2017,-32.2968,35.1406,68.976,-43.4023,34.8649,68.7692,-54.1611,33.6013
72.9025,296.561,44.5926,72.8596,276.315,46.2766,72.5763,257.667,47.3541,72.3083,239.376,47.6106,72.055,221.467,47.1445,71.8157,202.083,46.1945,71.5862,185.208,43.925,71.5641,167.99,41.2015,71.3465,150.541,37.5661,70.9524,135.038,32.7998,70.7545,118.064,27.573,70.5618,102.319,21.9802,70.5246,86.5775,15.2871,70.4793,70.4174,8.40066,70.7434,56.1964,4.23863,70.9815,40.6698,13.0132,71.1717,28.925,18.9434,71.4576,17.3269,23.9872,71.5907,6.10373,27.7941,71.8099,-4.87934,30.8522,71.9941,-15.676,32.8712,72.2384,-26.6318,34.0291,72.5111,-37.5778,32.6271,72.7429,-48.1695,31.57,72.8464,-58.3596,29.5353,,,
73.4389,300.933,43.902,73.8807,280.351,45.8718,74.2853,261.429,47.443,74.8573,239.634,48.2336,74.9397,220.787,48.1249,75.1776,197.93,48.0114,75.4021,179.017,46.5848,75.4103,161.677,44.1452,75.5799,144.312,40.9508,75.5456,127.616,37.1647,75.4906,110.976,32.5321,75.4038,94.3586,24.3806,75.4608,78.0594,18.2926,75.4766,61.5624,11.5552,75.3311,46.1695,3.77541,75.3833,32.8443,7.65124,75.2987,20.0639,13.5528,75.1956,7.34279,18.5035,75.078,-5.16895,22.6173,74.8527,-17.0123,25.4568,74.8065,-29.1487,27.5943,74.7398,-40.6362,28.0853,74.5566,-52.4509,28.8103,,,,,,,,,
73.1864,306.863,42.7089,73.8912,283.041,45.4424,73.5687,265.082,46.8544,73.7187,243.978,47.7399,73.6374,226.769,47.7448,73.5396,207.017,46.951,73.4528,190.705,45.2625,73.3539,172.256,43.419,73.0679,156.033,40.2437,72.9692,138.226,36.9306,72.6956,122.404,32.3553,72.2604,107.006,26.662,72.0108,91.0672,21.5281,71.6068,76.125,14.8334,71.5096,60.8273,7.76767,71.1604,46.7644,3.81779,71.0721,34.4626,9.34596,70.7566,19.8821,15.2206,70.5689,8.84301,18.3772,70.4011,-2.68314,20.9957,70.2413,-13.543,22.4842,69.9953,-24.5419,23.1466,69.6659,-34.831,22.54,69.4594,-45.4595,21.5727,69.088,-55.7251,19.2562,,,
72.8902,291.02,44.9486,72.846,269.915,46.8109,72.0914,252.874,47.674,71.6132,234.945,47.4642,70.9439,218.344,46.3964,70.5417,199.166,45.0761,69.9573,182.379,42.6905,69.222,165.144,39.5039,68.9665,142.759,36.9114,68.1381,128.236,32.3486,67.5643,111.569,27.5159,67.0174,96.0516,21.6426,66.1971,80.8867,15.2564,65.3479,66.2862,3.92766,64.6752,53.2695,7.65274,64.1614,40.4716,14.0726,63.3306,28.2577,19.0715,62.6254,16.097,23.2312,62.0168,4.34238,26.2789,61.2878,-7.11826,28.3319,60.4615,-18.3347,29.2577,59.9047,-29.9642,29.6782,59.0481,-40.7415,28.9486,58.1771,-51.6863,27.2293,,,,,,
72.8916,290.961,45.2145,72.6056,272.328,47.1641,72.3327,252.829,48.1529,71.8423,234.977,47.4564,71.3905,215.363,46.9397,70.9675,198.296,45.4543,70.3678,181.588,43.0589,69.8179,163.681,40.232,69.2976,147.146,36.1576,68.6466,130.361,32.1048,68.0377,114.143,27.0458,67.2942,98.9434,20.947,66.9252,83.1846,14.3156,66.1132,68.2382,6.79939,65.7548,53.9419,5.25301,65.1551,41.8703,11.7302,64.7744,29.8084,17.4404,64.3303,18.0703,22.0851,63.8343,6.63676,25.576,63.4688,-7.75232,29.722,62.8246,-18.547,31.1661,62.1848,-29.2701,31.7094,61.6542,-40.0291,31.4373,60.948,-50.3411,30.369,,,,,,
73.155,292.339,45.2524,72.8522,271.056,47.3649,72.8106,252.838,48.3835,72.5365,233.783,49.0206,72.2767,214.304,48.8688,72.0332,196.44,47.9046,71.8024,179.13,46.1926,71.5789,162.386,43.2467,71.1978,141.148,41.208,71.3523,123.317,37.2972,71.1466,108.566,32.2642,71.1071,92.6292,26.8778,71.0576,76.8108,20.9531,70.991,61.5889,13.9726,70.9105,46.5014,6.44348,70.9307,33.5495,8.50014,70.871,21.2061,14.5113,70.9297,9.14005,19.394,70.7505,-2.54691,22.6595,70.6949,-14.3487,25.443,70.4438,-25.4102,27.1816,70.3971,-36.7045,28.0033,70.264,-48.1628,27.9965,69.9666,-58.6709,26.6404,,,,,,
73.4255,296.67,44.311,73.6218,279.05,45.8315,74.024,257.822,47.5545,74.15,237.387,48.1632,74.4817,218.769,47.8284,74.5632,200.728,46.4291,74.8173,181.547,44.8577,75.037,164.076,40.4843,75.2306,147.156,37.0482,75.5622,130.23,32.4431,75.6818,113.921,27.7537,75.9281,97.7107,22.1668,75.9688,81.5738,15.7189,75.9839,66.0878,8.6764,76.1285,51.4439,3.39685,76.1679,38.709,10.0671,76.051,26.1407,16.0733,76.0452,14.1209,20.521,75.8087,2.91537,26.3806,76.0095,2.12079,24.4182,75.9502,-9.58478,27.0374,75.9642,-21.1336,28.6914,75.9434,-32.4684,29.5714,76.0277,-41.8435,27.7591,75.9603,-54.6246,28.1774,,,
73.4271,298.223,43.5453,73.1124,277.721,45.7993,73.052,256.646,46.801,73.2202,236.302,47.2137,72.9265,216.625,46.9131,73.0682,197.778,45.5363,72.7887,180.394,43.2893,72.7117,162.012,40.5915,72.626,143.694,36.8235,72.5407,126.193,33.0706,72.4464,109.444,28.1466,72.3427,93.3602,22.218,72.3816,76.4602,16.1711,72.2498,57.7149,10.6589,72.1226,42.2558,4.77922,71.9874,29.3827,10.9958,71.8612,16.4702,16.4909,71.7396,4.19541,20.6653,71.6246,-7.71023,23.9797,71.5134,-20.1594,26.5661,71.4062,-32.0221,28.2574,71.1892,-43.995,27.1416,70.9974,-55.5244,26.4734,,,,,,,,,
72.8787,288.533,44.0639,72.5816,266.498,45.1673,72.0707,242.912,46.0773,71.8238,223.692,45.6295,71.5889,205.105,44.1133,71.1572,187.955,41.4931,70.7554,170.395,38.4662,70.3825,151.896,34.7353,70.0334,134.84,30.6317,69.5165,119.595,25.1165,69.0119,102.855,16.7061,68.3899,87.2078,9.57026,68.1302,71.1919,2.89933,67.761,58.6572,9.15029,67.3141,45.9539,14.995,66.9273,33.2291,19.7291,66.5921,20.9617,23.5859,66.0715,9.01347,26.3786,65.7273,-2.76812,28.1181,65.335,-14.399,29.0256,64.8952,-25.6467,28.9394,64.5996,-36.704,27.7466,64.2853,-47.8882,26.1386,63.8302,-58.6818,23.103,,,,,,
72.911,302.41,43.4123,72.3598,282.998,44.9583,72.0911,261.383,46.264,71.6051,241.685,46.2945,71.3773,222.572,45.6159,71.16,204.076,43.89,70.9597,184.38,41.844,70.3707,167.858,38.6614,70.3969,148.194,35.1145,70.0497,130.773,30.6846,69.7203,114.025,25.4625,69.577,96.8229,19.788,69.2673,80.799,12.9145,69.1304,64.0172,5.95617,68.9251,50.3305,5.29739,68.8296,36.8155,10.5147,68.7476,23.496,14.5727,68.5562,10.7104,17.5035,68.3851,-1.51756,19.4674,68.4215,-17.1456,22.5639,68.191,-28.6708,22.808,68.01,-41.0321,22.5333,67.7451,-52.472,20.8664,,,,,,,,,
73.4048,291.253,44.1363,73.3366,271.608,44.8053,73.2633,251.143,45.1121,72.9636,232.347,44.7189,72.8935,213.129,43.1857,72.8188,194.566,40.7052,72.7408,176.611,37.6143,72.6519,154.681,35.1638,72.5612,137.578,30.3919,72.4638,120.441,25.1822,72.528,104.027,19.6041,72.538,87.5083,9.74945,72.7054,71.3216,3.12882,72.8161,58.2318,9.14159,72.9022,44.7281,14.4679,72.9687,31.7697,18.8071,73.0144,19.3024,21.9155,73.0403,7.03296,24.127,73.1548,-5.17207,25.6956,73.1344,-17.1301,26.1236,73.1883,-28.9431,25.6075,73.296,-40.9018,24.4029,73.2782,-52.4643,22.2311,,,,,,,,,
73.4006,288.29,45.3751,73.3377,268.694,47.0031,73.5084,249.59,47.7347,73.2082,231.908,47.9761,73.3743,213.295,51.2044,73.3538,213.729,47.0034,73.4793,196.047,45.4519,73.5806,178.057,43.1715,73.6695,162.269,39.7399,73.7327,145.41,35.9933,73.9525,129.177,31.1077,74.1402,113.477,25.5974,74.2919,97.7088,19.5921,74.5631,82.0123,12.8654,74.6389,66.8125,5.23645,75.0508,53.9967,7.19291,75.2972,41.8505,13.1373,75.5004,30.0566,17.919,75.8951,18.0827,21.8286,76.1195,6.81559,24.5945,76.3008,-4.04591,26.5082,76.6344,-14.9543,27.4884,76.8942,-25.919,27.4326,77.1906,-38.8332,27.9887,77.4016,-49.1865,26.2548,77.7032,-59.4615,23.4121
73.4021,289.804,44.6238,73.5749,267.689,45.9402,73.498,248.651,46.4816,73.6498,231.192,46.0577,73.554,212.034,45.1387,73.8687,192.707,43.6037,73.9512,174.973,41.2154,74.0123,157.874,37.4674,74.0578,141.332,33.479,74.0751,124.044,28.7823,74.2367,106.926,23.3376,74.1869,87.8941,18.4668,74.1475,73.2961,11.2208,74.224,57.8488,4.02719,74.3804,45.2136,9.97745,74.5026,32.6502,15.2071,74.596,20.5633,19.3613,74.7741,8.67168,22.476,74.8017,-3.03256,24.7443,75.0045,-14.6508,26.0459,74.9729,-25.6212,26.2626,75.0884,-36.7839,25.1318,75.077,-47.6656,24.1194,74.9458,-58.4343,21.4884,,,,,,
73.1685,299.586,43.5931,72.6087,279.053,45.3394,72.3315,259.004,46.4157,72.068,238.441,46.3926,71.6009,219.565,45.7234,71.3774,201.292,44.224,70.9625,183.53,42.0256,70.7503,165.663,36.7908,70.3748,148.991,32.9894,70.1927,132.863,27.846,69.8541,115.268,22.5399,69.6955,98.4521,16.5755,69.3729,82.7532,9.72165,69.3768,65.7797,2.80683,69.2366,52.9284,8.71524,68.9915,39.6289,14.1391,68.776,26.8541,18.5907,68.5841,14.5695,21.956,68.4161,2.45963,24.3116,68.3858,-9.83973,26.0652,68.1504,-21.4629,26.4762,68.0444,-33.1335,26.3097,67.9543,-44.821,25.2887,67.5903,-55.3875,22.5293,,,,,,
73.4418,302.455,43.4003,73.6331,283.181,44.6641,74.0366,261.669,45.9567,73.9459,244.275,46.0567,74.2912,225.101,45.5728,74.1969,207.961,48.7018,74.597,206.556,44.232,74.8664,188.613,42.1499,75.0871,169.647,39.5982,75.2892,153.009,35.9493,75.6258,135.578,31.675,75.9096,118.243,26.9285,76.1584,102.224,21.087,76.3669,86.779,14.4704,76.51,70.4194,7.51416,76.7296,52.7234,5.90985,77.1318,39.7051,12.6866,77.3479,27.5391,18.0243,77.6204,15.2791,22.433,77.8301,3.32247,25.8979,77.8767,-8.33323,28.4674,78.0763,-19.8048,30.038,78.123,-30.9406,30.6327,78.4481,-40.764,27.0946,78.4376,-53.7153,27.3619,,,
73.6844,296.878,43.496,73.8467,274.166,44.8752,73.9798,251.17,45.5749,74.5447,229.289,45.7113,74.8366,209.413,44.758,75.0986,191.252,42.8467,75.3186,172.892,40.2593,75.4979,154.514,36.9227,75.828,136.977,32.962,76.2689,118.98,28.4946,76.6512,101.863,23.1254,77.4144,83.9813,14.5664,77.8104,67.9871,7.62381,78.2902,52.6644,4.34154,78.5788,38.8285,10.73,79.0609,25.7604,15.6777,79.4377,12.7636,19.8748,79.7413,0.456205,22.7762,80.1354,-12.3125,25.1088,80.4375,-24.488,26.4027,80.9025,-36.6132,26.6718,81.1626,-48.342,25.998,81.4896,-59.6754,24.044,,,,,,,,,
73.4219,296.855,43.5021,73.8467,274.161,44.876,74.0019,255.907,45.0028,73.8955,235.647,45.0304,74.0071,216.184,43.906,74.0987,197.404,42.0069,74.3678,178.478,39.6207,74.2153,160.261,36.2939,74.0672,143.474,32.1419,74.0755,124.686,27.8587,74.0747,108.036,22.4317,73.8875,90.908,16.6316,73.8456,74.5573,9.51032,73.6437,58.8808,2.54855,73.5558,45.658,9.15275,73.464,32.6098,14.9489,73.2477,20.0862,19.6184,73.2495,4.33551,25.2846,73.2562,-7.16613,27.8748,73.3365,-19.251,29.7643,73.3903,-30.8111,30.92,73.4118,-42.1651,30.8831,73.5618,-53.6221,30.1774,,,,,,,,,
73.1385,290.002,43.5688,72.8327,270.414,44.2672,72.7748,247.741,44.5263,72.7211,229.278,43.6913,72.4428,210.262,42.0032,72.3864,190.984,39.7889,72.3252,173.294,36.5633,72.255,154.664,32.6411,72.4215,132.097,38.5377,72.3575,132.106,29.5364,72.2675,114.779,24.4769,72.17,97.6229,18.9503,71.9079,81.1671,12.7356,71.7955,65.4099,5.59748,71.7926,51.8035,9.85943,71.6808,38.1791,16.5825,71.4406,26.0656,20.9032,71.2276,13.5273,25.0908,71.0299,1.53863,28.0141,70.745,-10.4636,30.0507,70.4866,-22.3466,31.1332,70.0653,-33.5133,31.2445,69.8541,-44.9295,30.156,69.5816,-55.9032,28.6361,,,,,,
73.1744,300.916,43.9071,73.1226,281.679,45.4151,72.5789,261.406,46.4973,72.3042,242.93,46.072,72.0459,223.738,45.3955,71.8014,205.146,43.8881,71.571,186.245,41.8529,71.1522,168.846,38.6228,71.1378,149.849,34.871,70.7518,133.662,30.2169,70.3922,116.698,25.3117,70.0423,100.929,19.1599,69.71,84.5785,12.3625,69.3928,68.8558,5.32113,69.342,54.55,6.66129,69.2351,41.22,13.2073,68.8753,29.396,18.3108,68.6889,17.0124,22.707,68.2942,5.33293,25.9509,67.9462,-6.20059,28.1224,67.5459,-17.5245,29.6273,67.2926,-28.7914,30.1744,67.6433,-39.2772,36.5897,66.8859,-39.7222,29.524,66.5231,-52.1085,29.3289,,,
74.3107,268.026,44.6518,74.4388,249.069,44.7507,74.7726,230.641,43.6472,75.0624,211.643,42.3611,75.5159,192.428,40.2905,75.9254,174.837,36.979,76.2875,157.825,32.9581,76.5961,140.654,28.9137,77.1918,122.938,23.7949,77.5593,106.551,17.7664,77.8759,90.7761,11.1257,78.3443,71.3144,5.25641,78.7106,57.5475,9.40847,79.0266,44.8486,14.8028,79.4002,32.319,19.6172,79.7054,20.2579,23.1294,80.054,8.42782,25.7716,80.3237,-3.17652,27.4625,80.7175,-14.7087,28.1225,81.0849,-26.7738,26.7036,81.3744,-38.0604,25.308,81.6807,-48.7641,23.1423,81.8659,-59.6789,20.0981,,,,,,,,,
